ArtSimpleExample,0,Cheating,era9,0.8999999999999999
ArtSimpleExample,0,Cheating,era8,0.39999999999999997
ArtSimpleExample,0,Cheating,era7,0.4
ArtSimpleExample,0,Cheating,era6,0.15
ArtSimpleExample,0,Cheating,era5,0.65
ArtSimpleExample,0,Cheating,era10,0.4
ArtSimpleExample,0,Cheating,era4,0.9
ArtSimpleExample,0,Cheating,era3,0.85
ArtSimpleExample,0,Cheating,era2,0.9
ArtSimpleExample,0,Cheating,era1,0.95
ArtSimpleExample,0,Next,era9,0.8999999999999999
ArtSimpleExample,0,Next,era8,0.9
ArtSimpleExample,0,Next,era7,0.65
ArtSimpleExample,0,Next,era6,0.95
ArtSimpleExample,0,Next,era5,0.9500000000000001
ArtSimpleExample,0,Next,era10,0.3
ArtSimpleExample,0,Next,era4,0.45
ArtSimpleExample,0,Next,era3,0.85
ArtSimpleExample,0,Next,era2,0.2
ArtSimpleExample,0,Next,era1,0.35000000000000003
ArtSimpleExample,0,FordPrefect,era9,0.15
ArtSimpleExample,0,FordPrefect,era8,0.4
ArtSimpleExample,0,FordPrefect,era7,0.85
ArtSimpleExample,0,FordPrefect,era6,0.6
ArtSimpleExample,0,FordPrefect,era5,0.9500000000000001
ArtSimpleExample,0,FordPrefect,era10,0.3
ArtSimpleExample,0,FordPrefect,era4,0.95
ArtSimpleExample,0,FordPrefect,era3,0.85
ArtSimpleExample,0,FordPrefect,era2,0.5
ArtSimpleExample,0,FordPrefect,era1,0.95
ArtSimpleExample,0,ForTrust,era9,0.9
ArtSimpleExample,0,ForTrust,era8,0.85
ArtSimpleExample,0,ForTrust,era7,0.3
ArtSimpleExample,0,ForTrust,era6,0.65
ArtSimpleExample,0,ForTrust,era5,0.95
ArtSimpleExample,0,ForTrust,era10,0.9
ArtSimpleExample,0,ForTrust,era4,0.4
ArtSimpleExample,0,ForTrust,era3,0.95
ArtSimpleExample,0,ForTrust,era2,0.2
ArtSimpleExample,0,ForTrust,era1,0.4
ArtSimpleExample,0,Connected,era9,0.9
ArtSimpleExample,0,Connected,era8,0.95
ArtSimpleExample,0,Connected,era7,0.9
ArtSimpleExample,0,Connected,era6,0.9
ArtSimpleExample,0,Connected,era5,0.3
ArtSimpleExample,0,Connected,era10,0.35000000000000003
ArtSimpleExample,0,Connected,era4,0.8999999999999999
ArtSimpleExample,0,Connected,era3,0.15
ArtSimpleExample,0,Connected,era2,0.45
ArtSimpleExample,0,Connected,era1,0.7000000000000001
ArtSimpleExample,0,Honest,era9,0.95
ArtSimpleExample,0,Honest,era8,0.9
ArtSimpleExample,0,Honest,era7,0.4
ArtSimpleExample,0,Honest,era6,0.85
ArtSimpleExample,0,Honest,era5,0.09999999999999999
ArtSimpleExample,0,Honest,era10,0.65
ArtSimpleExample,0,Honest,era4,0.9
ArtSimpleExample,0,Honest,era3,0.5
ArtSimpleExample,0,Honest,era2,0.3
ArtSimpleExample,0,Honest,era1,0.95
ArtSimpleExample,0,Uno,era9,0.95
ArtSimpleExample,0,Uno,era8,0.45
ArtSimpleExample,0,Uno,era7,0.4
ArtSimpleExample,0,Uno,era6,0.65
ArtSimpleExample,0,Uno,era5,0.9
ArtSimpleExample,0,Uno,era10,0.95
ArtSimpleExample,0,Uno,era4,0.85
ArtSimpleExample,0,Uno,era3,0.3
ArtSimpleExample,0,Uno,era2,0.85
ArtSimpleExample,0,Uno,era1,0.2
ArtSimpleExample,1,Cheating,era9,0.95
ArtSimpleExample,1,Cheating,era8,0.39999999999999997
ArtSimpleExample,1,Cheating,era7,0.4
ArtSimpleExample,1,Cheating,era6,0.09999999999999999
ArtSimpleExample,1,Cheating,era5,0.65
ArtSimpleExample,1,Cheating,era10,0.4
ArtSimpleExample,1,Cheating,era4,0.85
ArtSimpleExample,1,Cheating,era3,0.9
ArtSimpleExample,1,Cheating,era2,0.9
ArtSimpleExample,1,Cheating,era1,0.95
ArtSimpleExample,1,Next,era9,0.8999999999999999
ArtSimpleExample,1,Next,era8,0.9
ArtSimpleExample,1,Next,era7,0.6
ArtSimpleExample,1,Next,era6,1.0
ArtSimpleExample,1,Next,era5,1.0
ArtSimpleExample,1,Next,era10,0.3
ArtSimpleExample,1,Next,era4,0.4
ArtSimpleExample,1,Next,era3,0.85
ArtSimpleExample,1,Next,era2,0.2
ArtSimpleExample,1,Next,era1,0.35000000000000003
ArtSimpleExample,1,FordPrefect,era9,0.09999999999999999
ArtSimpleExample,1,FordPrefect,era8,0.4
ArtSimpleExample,1,FordPrefect,era7,0.85
ArtSimpleExample,1,FordPrefect,era6,0.6
ArtSimpleExample,1,FordPrefect,era5,0.9500000000000001
ArtSimpleExample,1,FordPrefect,era10,0.35
ArtSimpleExample,1,FordPrefect,era4,0.8999999999999999
ArtSimpleExample,1,FordPrefect,era3,0.85
ArtSimpleExample,1,FordPrefect,era2,0.55
ArtSimpleExample,1,FordPrefect,era1,0.95
ArtSimpleExample,1,ForTrust,era9,0.9
ArtSimpleExample,1,ForTrust,era8,0.7999999999999999
ArtSimpleExample,1,ForTrust,era7,0.25
ArtSimpleExample,1,ForTrust,era6,0.7000000000000001
ArtSimpleExample,1,ForTrust,era5,0.95
ArtSimpleExample,1,ForTrust,era10,0.9
ArtSimpleExample,1,ForTrust,era4,0.45
ArtSimpleExample,1,ForTrust,era3,0.95
ArtSimpleExample,1,ForTrust,era2,0.2
ArtSimpleExample,1,ForTrust,era1,0.4
ArtSimpleExample,1,Connected,era9,0.9
ArtSimpleExample,1,Connected,era8,0.95
ArtSimpleExample,1,Connected,era7,0.85
ArtSimpleExample,1,Connected,era6,0.9
ArtSimpleExample,1,Connected,era5,0.25
ArtSimpleExample,1,Connected,era10,0.35000000000000003
ArtSimpleExample,1,Connected,era4,0.8999999999999999
ArtSimpleExample,1,Connected,era3,0.2
ArtSimpleExample,1,Connected,era2,0.45
ArtSimpleExample,1,Connected,era1,0.7500000000000001
ArtSimpleExample,1,Honest,era9,0.95
ArtSimpleExample,1,Honest,era8,0.9
ArtSimpleExample,1,Honest,era7,0.30000000000000004
ArtSimpleExample,1,Honest,era6,0.85
ArtSimpleExample,1,Honest,era5,0.09999999999999999
ArtSimpleExample,1,Honest,era10,0.65
ArtSimpleExample,1,Honest,era4,0.9
ArtSimpleExample,1,Honest,era3,0.6000000000000001
ArtSimpleExample,1,Honest,era2,0.3
ArtSimpleExample,1,Honest,era1,0.95
ArtSimpleExample,1,Uno,era9,0.8999999999999999
ArtSimpleExample,1,Uno,era8,0.4
ArtSimpleExample,1,Uno,era7,0.4
ArtSimpleExample,1,Uno,era6,0.65
ArtSimpleExample,1,Uno,era5,0.9
ArtSimpleExample,1,Uno,era10,1.0
ArtSimpleExample,1,Uno,era4,0.9
ArtSimpleExample,1,Uno,era3,0.3
ArtSimpleExample,1,Uno,era2,0.85
ArtSimpleExample,1,Uno,era1,0.2
ArtSimpleExample,2,Cheating,era9,0.95
ArtSimpleExample,2,Cheating,era8,0.39999999999999997
ArtSimpleExample,2,Cheating,era7,0.4
ArtSimpleExample,2,Cheating,era6,0.09999999999999999
ArtSimpleExample,2,Cheating,era5,0.65
ArtSimpleExample,2,Cheating,era10,0.35000000000000003
ArtSimpleExample,2,Cheating,era4,0.85
ArtSimpleExample,2,Cheating,era3,0.9
ArtSimpleExample,2,Cheating,era2,0.9
ArtSimpleExample,2,Cheating,era1,1.0
ArtSimpleExample,2,Next,era9,0.8499999999999999
ArtSimpleExample,2,Next,era8,0.9
ArtSimpleExample,2,Next,era7,0.65
ArtSimpleExample,2,Next,era6,1.0
ArtSimpleExample,2,Next,era5,1.0
ArtSimpleExample,2,Next,era10,0.3
ArtSimpleExample,2,Next,era4,0.4
ArtSimpleExample,2,Next,era3,0.9
ArtSimpleExample,2,Next,era2,0.2
ArtSimpleExample,2,Next,era1,0.30000000000000004
ArtSimpleExample,2,FordPrefect,era9,0.05
ArtSimpleExample,2,FordPrefect,era8,0.4
ArtSimpleExample,2,FordPrefect,era7,0.85
ArtSimpleExample,2,FordPrefect,era6,0.6
ArtSimpleExample,2,FordPrefect,era5,1.0
ArtSimpleExample,2,FordPrefect,era10,0.3
ArtSimpleExample,2,FordPrefect,era4,0.95
ArtSimpleExample,2,FordPrefect,era3,0.85
ArtSimpleExample,2,FordPrefect,era2,0.55
ArtSimpleExample,2,FordPrefect,era1,0.95
ArtSimpleExample,2,ForTrust,era9,0.9
ArtSimpleExample,2,ForTrust,era8,0.7499999999999999
ArtSimpleExample,2,ForTrust,era7,0.25
ArtSimpleExample,2,ForTrust,era6,0.7500000000000001
ArtSimpleExample,2,ForTrust,era5,0.95
ArtSimpleExample,2,ForTrust,era10,0.9
ArtSimpleExample,2,ForTrust,era4,0.45
ArtSimpleExample,2,ForTrust,era3,0.95
ArtSimpleExample,2,ForTrust,era2,0.2
ArtSimpleExample,2,ForTrust,era1,0.4
ArtSimpleExample,2,Connected,era9,0.85
ArtSimpleExample,2,Connected,era8,0.95
ArtSimpleExample,2,Connected,era7,0.85
ArtSimpleExample,2,Connected,era6,0.9
ArtSimpleExample,2,Connected,era5,0.25
ArtSimpleExample,2,Connected,era10,0.30000000000000004
ArtSimpleExample,2,Connected,era4,0.95
ArtSimpleExample,2,Connected,era3,0.2
ArtSimpleExample,2,Connected,era2,0.5
ArtSimpleExample,2,Connected,era1,0.7500000000000001
ArtSimpleExample,2,Honest,era9,0.95
ArtSimpleExample,2,Honest,era8,0.9
ArtSimpleExample,2,Honest,era7,0.30000000000000004
ArtSimpleExample,2,Honest,era6,0.9
ArtSimpleExample,2,Honest,era5,0.09999999999999999
ArtSimpleExample,2,Honest,era10,0.6
ArtSimpleExample,2,Honest,era4,0.9500000000000001
ArtSimpleExample,2,Honest,era3,0.6000000000000001
ArtSimpleExample,2,Honest,era2,0.3
ArtSimpleExample,2,Honest,era1,0.8999999999999999
ArtSimpleExample,2,Uno,era9,0.8999999999999999
ArtSimpleExample,2,Uno,era8,0.4
ArtSimpleExample,2,Uno,era7,0.4
ArtSimpleExample,2,Uno,era6,0.7000000000000001
ArtSimpleExample,2,Uno,era5,0.9
ArtSimpleExample,2,Uno,era10,0.8999999999999999
ArtSimpleExample,2,Uno,era4,0.9
ArtSimpleExample,2,Uno,era3,0.3
ArtSimpleExample,2,Uno,era2,0.9
ArtSimpleExample,2,Uno,era1,0.2
ArtSimpleExample,3,Cheating,era9,0.95
ArtSimpleExample,3,Cheating,era8,0.39999999999999997
ArtSimpleExample,3,Cheating,era7,0.5
ArtSimpleExample,3,Cheating,era6,0.09999999999999999
ArtSimpleExample,3,Cheating,era5,0.6
ArtSimpleExample,3,Cheating,era10,0.35000000000000003
ArtSimpleExample,3,Cheating,era4,0.7999999999999999
ArtSimpleExample,3,Cheating,era3,0.9
ArtSimpleExample,3,Cheating,era2,0.9
ArtSimpleExample,3,Cheating,era1,1.0
ArtSimpleExample,3,Next,era9,0.8499999999999999
ArtSimpleExample,3,Next,era8,0.9500000000000001
ArtSimpleExample,3,Next,era7,0.65
ArtSimpleExample,3,Next,era6,1.0
ArtSimpleExample,3,Next,era5,1.0
ArtSimpleExample,3,Next,era10,0.3
ArtSimpleExample,3,Next,era4,0.45
ArtSimpleExample,3,Next,era3,0.9
ArtSimpleExample,3,Next,era2,0.15000000000000002
ArtSimpleExample,3,Next,era1,0.25000000000000006
ArtSimpleExample,3,FordPrefect,era9,0.05
ArtSimpleExample,3,FordPrefect,era8,0.4
ArtSimpleExample,3,FordPrefect,era7,0.85
ArtSimpleExample,3,FordPrefect,era6,0.6
ArtSimpleExample,3,FordPrefect,era5,1.0
ArtSimpleExample,3,FordPrefect,era10,0.3
ArtSimpleExample,3,FordPrefect,era4,0.8999999999999999
ArtSimpleExample,3,FordPrefect,era3,0.9
ArtSimpleExample,3,FordPrefect,era2,0.55
ArtSimpleExample,3,FordPrefect,era1,0.95
ArtSimpleExample,3,ForTrust,era9,0.9
ArtSimpleExample,3,ForTrust,era8,0.6499999999999998
ArtSimpleExample,3,ForTrust,era7,0.3
ArtSimpleExample,3,ForTrust,era6,0.7500000000000001
ArtSimpleExample,3,ForTrust,era5,0.95
ArtSimpleExample,3,ForTrust,era10,0.9
ArtSimpleExample,3,ForTrust,era4,0.45
ArtSimpleExample,3,ForTrust,era3,0.95
ArtSimpleExample,3,ForTrust,era2,0.25
ArtSimpleExample,3,ForTrust,era1,0.4
ArtSimpleExample,3,Connected,era9,0.9
ArtSimpleExample,3,Connected,era8,0.95
ArtSimpleExample,3,Connected,era7,0.85
ArtSimpleExample,3,Connected,era6,0.9
ArtSimpleExample,3,Connected,era5,0.25
ArtSimpleExample,3,Connected,era10,0.30000000000000004
ArtSimpleExample,3,Connected,era4,0.8999999999999999
ArtSimpleExample,3,Connected,era3,0.15000000000000002
ArtSimpleExample,3,Connected,era2,0.55
ArtSimpleExample,3,Connected,era1,0.7500000000000001
ArtSimpleExample,3,Honest,era9,1.0
ArtSimpleExample,3,Honest,era8,0.9
ArtSimpleExample,3,Honest,era7,0.30000000000000004
ArtSimpleExample,3,Honest,era6,0.9
ArtSimpleExample,3,Honest,era5,0.1
ArtSimpleExample,3,Honest,era10,0.6
ArtSimpleExample,3,Honest,era4,0.9
ArtSimpleExample,3,Honest,era3,0.6000000000000001
ArtSimpleExample,3,Honest,era2,0.3
ArtSimpleExample,3,Honest,era1,0.8999999999999999
ArtSimpleExample,3,Uno,era9,0.8999999999999999
ArtSimpleExample,3,Uno,era8,0.4
ArtSimpleExample,3,Uno,era7,0.35000000000000003
ArtSimpleExample,3,Uno,era6,0.7000000000000001
ArtSimpleExample,3,Uno,era5,0.9
ArtSimpleExample,3,Uno,era10,0.8999999999999999
ArtSimpleExample,3,Uno,era4,0.9500000000000001
ArtSimpleExample,3,Uno,era3,0.3
ArtSimpleExample,3,Uno,era2,0.9
ArtSimpleExample,3,Uno,era1,0.2
ArtSimpleExample,4,Cheating,era9,0.8999999999999999
ArtSimpleExample,4,Cheating,era8,0.44999999999999996
ArtSimpleExample,4,Cheating,era7,0.5
ArtSimpleExample,4,Cheating,era6,0.09999999999999999
ArtSimpleExample,4,Cheating,era5,0.5499999999999999
ArtSimpleExample,4,Cheating,era10,0.35000000000000003
ArtSimpleExample,4,Cheating,era4,0.7999999999999999
ArtSimpleExample,4,Cheating,era3,0.9500000000000001
ArtSimpleExample,4,Cheating,era2,0.9
ArtSimpleExample,4,Cheating,era1,1.0
ArtSimpleExample,4,Next,era9,0.7999999999999998
ArtSimpleExample,4,Next,era8,0.9500000000000001
ArtSimpleExample,4,Next,era7,0.65
ArtSimpleExample,4,Next,era6,1.0
ArtSimpleExample,4,Next,era5,1.0
ArtSimpleExample,4,Next,era10,0.3
ArtSimpleExample,4,Next,era4,0.45
ArtSimpleExample,4,Next,era3,0.9500000000000001
ArtSimpleExample,4,Next,era2,0.15000000000000002
ArtSimpleExample,4,Next,era1,0.25000000000000006
ArtSimpleExample,4,FordPrefect,era9,0.1
ArtSimpleExample,4,FordPrefect,era8,0.4
ArtSimpleExample,4,FordPrefect,era7,0.85
ArtSimpleExample,4,FordPrefect,era6,0.6
ArtSimpleExample,4,FordPrefect,era5,1.0
ArtSimpleExample,4,FordPrefect,era10,0.3
ArtSimpleExample,4,FordPrefect,era4,0.95
ArtSimpleExample,4,FordPrefect,era3,0.85
ArtSimpleExample,4,FordPrefect,era2,0.5
ArtSimpleExample,4,FordPrefect,era1,0.95
ArtSimpleExample,4,ForTrust,era9,0.9500000000000001
ArtSimpleExample,4,ForTrust,era8,0.6499999999999998
ArtSimpleExample,4,ForTrust,era7,0.3
ArtSimpleExample,4,ForTrust,era6,0.65
ArtSimpleExample,4,ForTrust,era5,0.95
ArtSimpleExample,4,ForTrust,era10,0.9
ArtSimpleExample,4,ForTrust,era4,0.45
ArtSimpleExample,4,ForTrust,era3,0.95
ArtSimpleExample,4,ForTrust,era2,0.25
ArtSimpleExample,4,ForTrust,era1,0.45
ArtSimpleExample,4,Connected,era9,0.9
ArtSimpleExample,4,Connected,era8,0.95
ArtSimpleExample,4,Connected,era7,0.85
ArtSimpleExample,4,Connected,era6,0.9
ArtSimpleExample,4,Connected,era5,0.2
ArtSimpleExample,4,Connected,era10,0.30000000000000004
ArtSimpleExample,4,Connected,era4,0.8999999999999999
ArtSimpleExample,4,Connected,era3,0.2
ArtSimpleExample,4,Connected,era2,0.5
ArtSimpleExample,4,Connected,era1,0.8000000000000002
ArtSimpleExample,4,Honest,era9,1.0
ArtSimpleExample,4,Honest,era8,0.9
ArtSimpleExample,4,Honest,era7,0.35000000000000003
ArtSimpleExample,4,Honest,era6,0.9
ArtSimpleExample,4,Honest,era5,0.1
ArtSimpleExample,4,Honest,era10,0.5499999999999999
ArtSimpleExample,4,Honest,era4,0.9
ArtSimpleExample,4,Honest,era3,0.6500000000000001
ArtSimpleExample,4,Honest,era2,0.3
ArtSimpleExample,4,Honest,era1,0.8499999999999999
ArtSimpleExample,4,Uno,era9,0.8999999999999999
ArtSimpleExample,4,Uno,era8,0.35000000000000003
ArtSimpleExample,4,Uno,era7,0.35000000000000003
ArtSimpleExample,4,Uno,era6,0.7000000000000001
ArtSimpleExample,4,Uno,era5,0.9
ArtSimpleExample,4,Uno,era10,0.8999999999999999
ArtSimpleExample,4,Uno,era4,0.9500000000000001
ArtSimpleExample,4,Uno,era3,0.3
ArtSimpleExample,4,Uno,era2,0.9
ArtSimpleExample,4,Uno,era1,0.25
ArtSimpleExample,5,Cheating,era9,0.8499999999999999
ArtSimpleExample,5,Cheating,era8,0.44999999999999996
ArtSimpleExample,5,Cheating,era7,0.5
ArtSimpleExample,5,Cheating,era6,0.05
ArtSimpleExample,5,Cheating,era5,0.5499999999999999
ArtSimpleExample,5,Cheating,era10,0.35000000000000003
ArtSimpleExample,5,Cheating,era4,0.7999999999999999
ArtSimpleExample,5,Cheating,era3,1.0
ArtSimpleExample,5,Cheating,era2,0.9500000000000001
ArtSimpleExample,5,Cheating,era1,1.0
ArtSimpleExample,5,Next,era9,0.7999999999999998
ArtSimpleExample,5,Next,era8,0.9500000000000001
ArtSimpleExample,5,Next,era7,0.65
ArtSimpleExample,5,Next,era6,1.0
ArtSimpleExample,5,Next,era5,0.95
ArtSimpleExample,5,Next,era10,0.3
ArtSimpleExample,5,Next,era4,0.45
ArtSimpleExample,5,Next,era3,1.0
ArtSimpleExample,5,Next,era2,0.15000000000000002
ArtSimpleExample,5,Next,era1,0.25000000000000006
ArtSimpleExample,5,FordPrefect,era9,0.1
ArtSimpleExample,5,FordPrefect,era8,0.4
ArtSimpleExample,5,FordPrefect,era7,0.85
ArtSimpleExample,5,FordPrefect,era6,0.6
ArtSimpleExample,5,FordPrefect,era5,1.0
ArtSimpleExample,5,FordPrefect,era10,0.3
ArtSimpleExample,5,FordPrefect,era4,0.95
ArtSimpleExample,5,FordPrefect,era3,0.85
ArtSimpleExample,5,FordPrefect,era2,0.45
ArtSimpleExample,5,FordPrefect,era1,1.0
ArtSimpleExample,5,ForTrust,era9,0.9500000000000001
ArtSimpleExample,5,ForTrust,era8,0.5999999999999998
ArtSimpleExample,5,ForTrust,era7,0.35
ArtSimpleExample,5,ForTrust,era6,0.65
ArtSimpleExample,5,ForTrust,era5,0.95
ArtSimpleExample,5,ForTrust,era10,0.9
ArtSimpleExample,5,ForTrust,era4,0.45
ArtSimpleExample,5,ForTrust,era3,0.95
ArtSimpleExample,5,ForTrust,era2,0.25
ArtSimpleExample,5,ForTrust,era1,0.45
ArtSimpleExample,5,Connected,era9,0.85
ArtSimpleExample,5,Connected,era8,0.95
ArtSimpleExample,5,Connected,era7,0.85
ArtSimpleExample,5,Connected,era6,0.9
ArtSimpleExample,5,Connected,era5,0.15000000000000002
ArtSimpleExample,5,Connected,era10,0.30000000000000004
ArtSimpleExample,5,Connected,era4,0.8999999999999999
ArtSimpleExample,5,Connected,era3,0.2
ArtSimpleExample,5,Connected,era2,0.55
ArtSimpleExample,5,Connected,era1,0.8500000000000002
ArtSimpleExample,5,Honest,era9,1.0
ArtSimpleExample,5,Honest,era8,0.9
ArtSimpleExample,5,Honest,era7,0.30000000000000004
ArtSimpleExample,5,Honest,era6,0.9500000000000001
ArtSimpleExample,5,Honest,era5,0.1
ArtSimpleExample,5,Honest,era10,0.5499999999999999
ArtSimpleExample,5,Honest,era4,0.9
ArtSimpleExample,5,Honest,era3,0.6500000000000001
ArtSimpleExample,5,Honest,era2,0.35
ArtSimpleExample,5,Honest,era1,0.7999999999999998
ArtSimpleExample,5,Uno,era9,0.8999999999999999
ArtSimpleExample,5,Uno,era8,0.35000000000000003
ArtSimpleExample,5,Uno,era7,0.35000000000000003
ArtSimpleExample,5,Uno,era6,0.7500000000000001
ArtSimpleExample,5,Uno,era5,0.9
ArtSimpleExample,5,Uno,era10,0.8999999999999999
ArtSimpleExample,5,Uno,era4,0.9
ArtSimpleExample,5,Uno,era3,0.3
ArtSimpleExample,5,Uno,era2,0.9
ArtSimpleExample,5,Uno,era1,0.25
ArtSimpleExample,6,Cheating,era9,0.8499999999999999
ArtSimpleExample,6,Cheating,era8,0.44999999999999996
ArtSimpleExample,6,Cheating,era7,0.55
ArtSimpleExample,6,Cheating,era6,0.05
ArtSimpleExample,6,Cheating,era5,0.5499999999999999
ArtSimpleExample,6,Cheating,era10,0.35000000000000003
ArtSimpleExample,6,Cheating,era4,0.7499999999999999
ArtSimpleExample,6,Cheating,era3,0.95
ArtSimpleExample,6,Cheating,era2,1.0
ArtSimpleExample,6,Cheating,era1,1.0
ArtSimpleExample,6,Next,era9,0.7499999999999998
ArtSimpleExample,6,Next,era8,0.9500000000000001
ArtSimpleExample,6,Next,era7,0.65
ArtSimpleExample,6,Next,era6,0.95
ArtSimpleExample,6,Next,era5,0.95
ArtSimpleExample,6,Next,era10,0.3
ArtSimpleExample,6,Next,era4,0.45
ArtSimpleExample,6,Next,era3,1.0
ArtSimpleExample,6,Next,era2,0.2
ArtSimpleExample,6,Next,era1,0.30000000000000004
ArtSimpleExample,6,FordPrefect,era9,0.1
ArtSimpleExample,6,FordPrefect,era8,0.35000000000000003
ArtSimpleExample,6,FordPrefect,era7,0.85
ArtSimpleExample,6,FordPrefect,era6,0.65
ArtSimpleExample,6,FordPrefect,era5,1.0
ArtSimpleExample,6,FordPrefect,era10,0.35
ArtSimpleExample,6,FordPrefect,era4,0.8999999999999999
ArtSimpleExample,6,FordPrefect,era3,0.85
ArtSimpleExample,6,FordPrefect,era2,0.45
ArtSimpleExample,6,FordPrefect,era1,1.0
ArtSimpleExample,6,ForTrust,era9,0.9500000000000001
ArtSimpleExample,6,ForTrust,era8,0.5999999999999998
ArtSimpleExample,6,ForTrust,era7,0.35
ArtSimpleExample,6,ForTrust,era6,0.65
ArtSimpleExample,6,ForTrust,era5,0.95
ArtSimpleExample,6,ForTrust,era10,0.85
ArtSimpleExample,6,ForTrust,era4,0.45
ArtSimpleExample,6,ForTrust,era3,0.95
ArtSimpleExample,6,ForTrust,era2,0.25
ArtSimpleExample,6,ForTrust,era1,0.5
ArtSimpleExample,6,Connected,era9,0.85
ArtSimpleExample,6,Connected,era8,0.95
ArtSimpleExample,6,Connected,era7,0.85
ArtSimpleExample,6,Connected,era6,0.9
ArtSimpleExample,6,Connected,era5,0.15000000000000002
ArtSimpleExample,6,Connected,era10,0.30000000000000004
ArtSimpleExample,6,Connected,era4,0.8999999999999999
ArtSimpleExample,6,Connected,era3,0.25
ArtSimpleExample,6,Connected,era2,0.5
ArtSimpleExample,6,Connected,era1,0.8500000000000002
ArtSimpleExample,6,Honest,era9,1.0
ArtSimpleExample,6,Honest,era8,0.9500000000000001
ArtSimpleExample,6,Honest,era7,0.30000000000000004
ArtSimpleExample,6,Honest,era6,0.9500000000000001
ArtSimpleExample,6,Honest,era5,0.05
ArtSimpleExample,6,Honest,era10,0.6
ArtSimpleExample,6,Honest,era4,0.85
ArtSimpleExample,6,Honest,era3,0.6500000000000001
ArtSimpleExample,6,Honest,era2,0.35
ArtSimpleExample,6,Honest,era1,0.7999999999999998
ArtSimpleExample,6,Uno,era9,0.8999999999999999
ArtSimpleExample,6,Uno,era8,0.35000000000000003
ArtSimpleExample,6,Uno,era7,0.35000000000000003
ArtSimpleExample,6,Uno,era6,0.7500000000000001
ArtSimpleExample,6,Uno,era5,0.9
ArtSimpleExample,6,Uno,era10,0.95
ArtSimpleExample,6,Uno,era4,0.7999999999999999
ArtSimpleExample,6,Uno,era3,0.3
ArtSimpleExample,6,Uno,era2,0.9
ArtSimpleExample,6,Uno,era1,0.3
ArtSimpleExample,7,Cheating,era9,0.8999999999999999
ArtSimpleExample,7,Cheating,era8,0.44999999999999996
ArtSimpleExample,7,Cheating,era7,0.55
ArtSimpleExample,7,Cheating,era6,0.05
ArtSimpleExample,7,Cheating,era5,0.5499999999999999
ArtSimpleExample,7,Cheating,era10,0.35000000000000003
ArtSimpleExample,7,Cheating,era4,0.7499999999999999
ArtSimpleExample,7,Cheating,era3,0.95
ArtSimpleExample,7,Cheating,era2,1.0
ArtSimpleExample,7,Cheating,era1,0.95
ArtSimpleExample,7,Next,era9,0.7999999999999998
ArtSimpleExample,7,Next,era8,0.9500000000000001
ArtSimpleExample,7,Next,era7,0.65
ArtSimpleExample,7,Next,era6,1.0
ArtSimpleExample,7,Next,era5,0.8999999999999999
ArtSimpleExample,7,Next,era10,0.3
ArtSimpleExample,7,Next,era4,0.45
ArtSimpleExample,7,Next,era3,1.0
ArtSimpleExample,7,Next,era2,0.2
ArtSimpleExample,7,Next,era1,0.25000000000000006
ArtSimpleExample,7,FordPrefect,era9,0.1
ArtSimpleExample,7,FordPrefect,era8,0.30000000000000004
ArtSimpleExample,7,FordPrefect,era7,0.85
ArtSimpleExample,7,FordPrefect,era6,0.65
ArtSimpleExample,7,FordPrefect,era5,0.95
ArtSimpleExample,7,FordPrefect,era10,0.35
ArtSimpleExample,7,FordPrefect,era4,0.95
ArtSimpleExample,7,FordPrefect,era3,0.9
ArtSimpleExample,7,FordPrefect,era2,0.45
ArtSimpleExample,7,FordPrefect,era1,1.0
ArtSimpleExample,7,ForTrust,era9,1.0
ArtSimpleExample,7,ForTrust,era8,0.5999999999999998
ArtSimpleExample,7,ForTrust,era7,0.3
ArtSimpleExample,7,ForTrust,era6,0.65
ArtSimpleExample,7,ForTrust,era5,0.95
ArtSimpleExample,7,ForTrust,era10,0.85
ArtSimpleExample,7,ForTrust,era4,0.45
ArtSimpleExample,7,ForTrust,era3,0.95
ArtSimpleExample,7,ForTrust,era2,0.25
ArtSimpleExample,7,ForTrust,era1,0.5
ArtSimpleExample,7,Connected,era9,0.85
ArtSimpleExample,7,Connected,era8,0.8999999999999999
ArtSimpleExample,7,Connected,era7,0.9
ArtSimpleExample,7,Connected,era6,0.9
ArtSimpleExample,7,Connected,era5,0.10000000000000002
ArtSimpleExample,7,Connected,era10,0.30000000000000004
ArtSimpleExample,7,Connected,era4,0.8999999999999999
ArtSimpleExample,7,Connected,era3,0.25
ArtSimpleExample,7,Connected,era2,0.5
ArtSimpleExample,7,Connected,era1,0.9000000000000002
ArtSimpleExample,7,Honest,era9,1.0
ArtSimpleExample,7,Honest,era8,1.0
ArtSimpleExample,7,Honest,era7,0.35000000000000003
ArtSimpleExample,7,Honest,era6,0.85
ArtSimpleExample,7,Honest,era5,0.05
ArtSimpleExample,7,Honest,era10,0.6
ArtSimpleExample,7,Honest,era4,0.85
ArtSimpleExample,7,Honest,era3,0.6500000000000001
ArtSimpleExample,7,Honest,era2,0.35
ArtSimpleExample,7,Honest,era1,0.7999999999999998
ArtSimpleExample,7,Uno,era9,0.8999999999999999
ArtSimpleExample,7,Uno,era8,0.35000000000000003
ArtSimpleExample,7,Uno,era7,0.35000000000000003
ArtSimpleExample,7,Uno,era6,0.7500000000000001
ArtSimpleExample,7,Uno,era5,0.9
ArtSimpleExample,7,Uno,era10,0.95
ArtSimpleExample,7,Uno,era4,0.85
ArtSimpleExample,7,Uno,era3,0.3
ArtSimpleExample,7,Uno,era2,0.9
ArtSimpleExample,7,Uno,era1,0.25
ArtSimpleExample,8,Cheating,era9,0.95
ArtSimpleExample,8,Cheating,era8,0.39999999999999997
ArtSimpleExample,8,Cheating,era7,0.55
ArtSimpleExample,8,Cheating,era6,0.05
ArtSimpleExample,8,Cheating,era5,0.6
ArtSimpleExample,8,Cheating,era10,0.35000000000000003
ArtSimpleExample,8,Cheating,era4,0.7499999999999999
ArtSimpleExample,8,Cheating,era3,0.8999999999999999
ArtSimpleExample,8,Cheating,era2,1.0
ArtSimpleExample,8,Cheating,era1,0.95
ArtSimpleExample,8,Next,era9,0.7499999999999998
ArtSimpleExample,8,Next,era8,0.9500000000000001
ArtSimpleExample,8,Next,era7,0.7000000000000001
ArtSimpleExample,8,Next,era6,0.95
ArtSimpleExample,8,Next,era5,0.95
ArtSimpleExample,8,Next,era10,0.3
ArtSimpleExample,8,Next,era4,0.45
ArtSimpleExample,8,Next,era3,1.0
ArtSimpleExample,8,Next,era2,0.2
ArtSimpleExample,8,Next,era1,0.25000000000000006
ArtSimpleExample,8,FordPrefect,era9,0.05
ArtSimpleExample,8,FordPrefect,era8,0.30000000000000004
ArtSimpleExample,8,FordPrefect,era7,0.85
ArtSimpleExample,8,FordPrefect,era6,0.7000000000000001
ArtSimpleExample,8,FordPrefect,era5,0.95
ArtSimpleExample,8,FordPrefect,era10,0.39999999999999997
ArtSimpleExample,8,FordPrefect,era4,0.95
ArtSimpleExample,8,FordPrefect,era3,0.9
ArtSimpleExample,8,FordPrefect,era2,0.4
ArtSimpleExample,8,FordPrefect,era1,1.0
ArtSimpleExample,8,ForTrust,era9,1.0
ArtSimpleExample,8,ForTrust,era8,0.5999999999999998
ArtSimpleExample,8,ForTrust,era7,0.3
ArtSimpleExample,8,ForTrust,era6,0.65
ArtSimpleExample,8,ForTrust,era5,0.95
ArtSimpleExample,8,ForTrust,era10,0.9
ArtSimpleExample,8,ForTrust,era4,0.45
ArtSimpleExample,8,ForTrust,era3,0.8999999999999999
ArtSimpleExample,8,ForTrust,era2,0.25
ArtSimpleExample,8,ForTrust,era1,0.5
ArtSimpleExample,8,Connected,era9,0.85
ArtSimpleExample,8,Connected,era8,0.95
ArtSimpleExample,8,Connected,era7,0.9
ArtSimpleExample,8,Connected,era6,0.9
ArtSimpleExample,8,Connected,era5,0.05000000000000002
ArtSimpleExample,8,Connected,era10,0.30000000000000004
ArtSimpleExample,8,Connected,era4,0.8999999999999999
ArtSimpleExample,8,Connected,era3,0.25
ArtSimpleExample,8,Connected,era2,0.5
ArtSimpleExample,8,Connected,era1,0.9000000000000002
ArtSimpleExample,8,Honest,era9,0.95
ArtSimpleExample,8,Honest,era8,0.95
ArtSimpleExample,8,Honest,era7,0.35000000000000003
ArtSimpleExample,8,Honest,era6,0.85
ArtSimpleExample,8,Honest,era5,0.05
ArtSimpleExample,8,Honest,era10,0.6
ArtSimpleExample,8,Honest,era4,0.9
ArtSimpleExample,8,Honest,era3,0.6500000000000001
ArtSimpleExample,8,Honest,era2,0.39999999999999997
ArtSimpleExample,8,Honest,era1,0.7999999999999998
ArtSimpleExample,8,Uno,era9,0.8999999999999999
ArtSimpleExample,8,Uno,era8,0.35000000000000003
ArtSimpleExample,8,Uno,era7,0.30000000000000004
ArtSimpleExample,8,Uno,era6,0.7500000000000001
ArtSimpleExample,8,Uno,era5,0.9
ArtSimpleExample,8,Uno,era10,0.95
ArtSimpleExample,8,Uno,era4,0.9
ArtSimpleExample,8,Uno,era3,0.25
ArtSimpleExample,8,Uno,era2,0.9
ArtSimpleExample,8,Uno,era1,0.3
ArtSimpleExample,9,Cheating,era9,0.95
ArtSimpleExample,9,Cheating,era8,0.35
ArtSimpleExample,9,Cheating,era7,0.55
ArtSimpleExample,9,Cheating,era6,0.05
ArtSimpleExample,9,Cheating,era5,0.65
ArtSimpleExample,9,Cheating,era10,0.35000000000000003
ArtSimpleExample,9,Cheating,era4,0.7499999999999999
ArtSimpleExample,9,Cheating,era3,0.8999999999999999
ArtSimpleExample,9,Cheating,era2,1.0
ArtSimpleExample,9,Cheating,era1,0.95
ArtSimpleExample,9,Next,era9,0.7499999999999998
ArtSimpleExample,9,Next,era8,1.0
ArtSimpleExample,9,Next,era7,0.65
ArtSimpleExample,9,Next,era6,0.95
ArtSimpleExample,9,Next,era5,1.0
ArtSimpleExample,9,Next,era10,0.3
ArtSimpleExample,9,Next,era4,0.45
ArtSimpleExample,9,Next,era3,1.0
ArtSimpleExample,9,Next,era2,0.15000000000000002
ArtSimpleExample,9,Next,era1,0.25000000000000006
ArtSimpleExample,9,FordPrefect,era9,0.05
ArtSimpleExample,9,FordPrefect,era8,0.30000000000000004
ArtSimpleExample,9,FordPrefect,era7,0.9
ArtSimpleExample,9,FordPrefect,era6,0.7000000000000001
ArtSimpleExample,9,FordPrefect,era5,0.95
ArtSimpleExample,9,FordPrefect,era10,0.39999999999999997
ArtSimpleExample,9,FordPrefect,era4,1.0
ArtSimpleExample,9,FordPrefect,era3,0.7999999999999999
ArtSimpleExample,9,FordPrefect,era2,0.4
ArtSimpleExample,9,FordPrefect,era1,1.0
ArtSimpleExample,9,ForTrust,era9,1.0
ArtSimpleExample,9,ForTrust,era8,0.6999999999999998
ArtSimpleExample,9,ForTrust,era7,0.3
ArtSimpleExample,9,ForTrust,era6,0.65
ArtSimpleExample,9,ForTrust,era5,0.95
ArtSimpleExample,9,ForTrust,era10,0.9
ArtSimpleExample,9,ForTrust,era4,0.45
ArtSimpleExample,9,ForTrust,era3,0.8999999999999999
ArtSimpleExample,9,ForTrust,era2,0.25
ArtSimpleExample,9,ForTrust,era1,0.4
ArtSimpleExample,9,Connected,era9,0.9
ArtSimpleExample,9,Connected,era8,0.95
ArtSimpleExample,9,Connected,era7,0.9
ArtSimpleExample,9,Connected,era6,0.85
ArtSimpleExample,9,Connected,era5,0.05000000000000002
ArtSimpleExample,9,Connected,era10,0.30000000000000004
ArtSimpleExample,9,Connected,era4,0.95
ArtSimpleExample,9,Connected,era3,0.25
ArtSimpleExample,9,Connected,era2,0.45
ArtSimpleExample,9,Connected,era1,0.9000000000000002
ArtSimpleExample,9,Honest,era9,0.95
ArtSimpleExample,9,Honest,era8,1.0
ArtSimpleExample,9,Honest,era7,0.30000000000000004
ArtSimpleExample,9,Honest,era6,0.7999999999999999
ArtSimpleExample,9,Honest,era5,0.05
ArtSimpleExample,9,Honest,era10,0.6
ArtSimpleExample,9,Honest,era4,0.9
ArtSimpleExample,9,Honest,era3,0.6500000000000001
ArtSimpleExample,9,Honest,era2,0.44999999999999996
ArtSimpleExample,9,Honest,era1,0.7999999999999998
ArtSimpleExample,9,Uno,era9,0.8999999999999999
ArtSimpleExample,9,Uno,era8,0.35000000000000003
ArtSimpleExample,9,Uno,era7,0.25000000000000006
ArtSimpleExample,9,Uno,era6,0.7500000000000001
ArtSimpleExample,9,Uno,era5,0.9500000000000001
ArtSimpleExample,9,Uno,era10,1.0
ArtSimpleExample,9,Uno,era4,0.9
ArtSimpleExample,9,Uno,era3,0.2
ArtSimpleExample,9,Uno,era2,0.9
ArtSimpleExample,9,Uno,era1,0.3
ArtSimpleExample,10,Cheating,era9,0.95
ArtSimpleExample,10,Cheating,era8,0.35
ArtSimpleExample,10,Cheating,era7,0.55
ArtSimpleExample,10,Cheating,era6,0.05
ArtSimpleExample,10,Cheating,era5,0.65
ArtSimpleExample,10,Cheating,era10,0.35000000000000003
ArtSimpleExample,10,Cheating,era4,0.7999999999999999
ArtSimpleExample,10,Cheating,era3,0.8999999999999999
ArtSimpleExample,10,Cheating,era2,1.0
ArtSimpleExample,10,Cheating,era1,0.8999999999999999
ArtSimpleExample,10,Next,era9,0.7499999999999998
ArtSimpleExample,10,Next,era8,1.0
ArtSimpleExample,10,Next,era7,0.65
ArtSimpleExample,10,Next,era6,0.95
ArtSimpleExample,10,Next,era5,1.0
ArtSimpleExample,10,Next,era10,0.3
ArtSimpleExample,10,Next,era4,0.45
ArtSimpleExample,10,Next,era3,1.0
ArtSimpleExample,10,Next,era2,0.15000000000000002
ArtSimpleExample,10,Next,era1,0.25000000000000006
ArtSimpleExample,10,FordPrefect,era9,0.05
ArtSimpleExample,10,FordPrefect,era8,0.35000000000000003
ArtSimpleExample,10,FordPrefect,era7,0.9
ArtSimpleExample,10,FordPrefect,era6,0.65
ArtSimpleExample,10,FordPrefect,era5,1.0
ArtSimpleExample,10,FordPrefect,era10,0.39999999999999997
ArtSimpleExample,10,FordPrefect,era4,0.95
ArtSimpleExample,10,FordPrefect,era3,0.7999999999999999
ArtSimpleExample,10,FordPrefect,era2,0.4
ArtSimpleExample,10,FordPrefect,era1,1.0
ArtSimpleExample,10,ForTrust,era9,1.0
ArtSimpleExample,10,ForTrust,era8,0.6999999999999998
ArtSimpleExample,10,ForTrust,era7,0.3
ArtSimpleExample,10,ForTrust,era6,0.65
ArtSimpleExample,10,ForTrust,era5,0.95
ArtSimpleExample,10,ForTrust,era10,0.9
ArtSimpleExample,10,ForTrust,era4,0.45
ArtSimpleExample,10,ForTrust,era3,0.8999999999999999
ArtSimpleExample,10,ForTrust,era2,0.25
ArtSimpleExample,10,ForTrust,era1,0.4
ArtSimpleExample,10,Connected,era9,0.9
ArtSimpleExample,10,Connected,era8,0.95
ArtSimpleExample,10,Connected,era7,0.9
ArtSimpleExample,10,Connected,era6,0.9
ArtSimpleExample,10,Connected,era5,0.05
ArtSimpleExample,10,Connected,era10,0.25000000000000006
ArtSimpleExample,10,Connected,era4,0.95
ArtSimpleExample,10,Connected,era3,0.25
ArtSimpleExample,10,Connected,era2,0.5
ArtSimpleExample,10,Connected,era1,0.9000000000000002
ArtSimpleExample,10,Honest,era9,0.95
ArtSimpleExample,10,Honest,era8,1.0
ArtSimpleExample,10,Honest,era7,0.30000000000000004
ArtSimpleExample,10,Honest,era6,0.85
ArtSimpleExample,10,Honest,era5,0.05
ArtSimpleExample,10,Honest,era10,0.6
ArtSimpleExample,10,Honest,era4,0.85
ArtSimpleExample,10,Honest,era3,0.6500000000000001
ArtSimpleExample,10,Honest,era2,0.44999999999999996
ArtSimpleExample,10,Honest,era1,0.7999999999999998
ArtSimpleExample,10,Uno,era9,0.8499999999999999
ArtSimpleExample,10,Uno,era8,0.35000000000000003
ArtSimpleExample,10,Uno,era7,0.25000000000000006
ArtSimpleExample,10,Uno,era6,0.8000000000000002
ArtSimpleExample,10,Uno,era5,0.9500000000000001
ArtSimpleExample,10,Uno,era10,1.0
ArtSimpleExample,10,Uno,era4,0.85
ArtSimpleExample,10,Uno,era3,0.25
ArtSimpleExample,10,Uno,era2,0.9
ArtSimpleExample,10,Uno,era1,0.3
ArtSimpleExample,11,Cheating,era9,0.95
ArtSimpleExample,11,Cheating,era8,0.39999999999999997
ArtSimpleExample,11,Cheating,era7,0.5
ArtSimpleExample,11,Cheating,era6,0.05
ArtSimpleExample,11,Cheating,era5,0.7000000000000001
ArtSimpleExample,11,Cheating,era10,0.35000000000000003
ArtSimpleExample,11,Cheating,era4,0.7999999999999999
ArtSimpleExample,11,Cheating,era3,0.8499999999999999
ArtSimpleExample,11,Cheating,era2,1.0
ArtSimpleExample,11,Cheating,era1,0.8999999999999999
ArtSimpleExample,11,Next,era9,0.7999999999999998
ArtSimpleExample,11,Next,era8,1.0
ArtSimpleExample,11,Next,era7,0.6
ArtSimpleExample,11,Next,era6,0.95
ArtSimpleExample,11,Next,era5,1.0
ArtSimpleExample,11,Next,era10,0.3
ArtSimpleExample,11,Next,era4,0.45
ArtSimpleExample,11,Next,era3,1.0
ArtSimpleExample,11,Next,era2,0.15000000000000002
ArtSimpleExample,11,Next,era1,0.25000000000000006
ArtSimpleExample,11,FordPrefect,era9,0.05
ArtSimpleExample,11,FordPrefect,era8,0.35000000000000003
ArtSimpleExample,11,FordPrefect,era7,0.9
ArtSimpleExample,11,FordPrefect,era6,0.65
ArtSimpleExample,11,FordPrefect,era5,1.0
ArtSimpleExample,11,FordPrefect,era10,0.35
ArtSimpleExample,11,FordPrefect,era4,1.0
ArtSimpleExample,11,FordPrefect,era3,0.7999999999999999
ArtSimpleExample,11,FordPrefect,era2,0.4
ArtSimpleExample,11,FordPrefect,era1,1.0
ArtSimpleExample,11,ForTrust,era9,0.95
ArtSimpleExample,11,ForTrust,era8,0.6999999999999998
ArtSimpleExample,11,ForTrust,era7,0.3
ArtSimpleExample,11,ForTrust,era6,0.65
ArtSimpleExample,11,ForTrust,era5,1.0
ArtSimpleExample,11,ForTrust,era10,0.9
ArtSimpleExample,11,ForTrust,era4,0.45
ArtSimpleExample,11,ForTrust,era3,0.8999999999999999
ArtSimpleExample,11,ForTrust,era2,0.25
ArtSimpleExample,11,ForTrust,era1,0.4
ArtSimpleExample,11,Connected,era9,0.85
ArtSimpleExample,11,Connected,era8,1.0
ArtSimpleExample,11,Connected,era7,0.9
ArtSimpleExample,11,Connected,era6,0.85
ArtSimpleExample,11,Connected,era5,0.05
ArtSimpleExample,11,Connected,era10,0.25000000000000006
ArtSimpleExample,11,Connected,era4,0.95
ArtSimpleExample,11,Connected,era3,0.25
ArtSimpleExample,11,Connected,era2,0.55
ArtSimpleExample,11,Connected,era1,0.9000000000000002
ArtSimpleExample,11,Honest,era9,1.0
ArtSimpleExample,11,Honest,era8,0.95
ArtSimpleExample,11,Honest,era7,0.30000000000000004
ArtSimpleExample,11,Honest,era6,0.85
ArtSimpleExample,11,Honest,era5,0.05
ArtSimpleExample,11,Honest,era10,0.6
ArtSimpleExample,11,Honest,era4,0.9
ArtSimpleExample,11,Honest,era3,0.6500000000000001
ArtSimpleExample,11,Honest,era2,0.39999999999999997
ArtSimpleExample,11,Honest,era1,0.7999999999999998
ArtSimpleExample,11,Uno,era9,0.8499999999999999
ArtSimpleExample,11,Uno,era8,0.35000000000000003
ArtSimpleExample,11,Uno,era7,0.25000000000000006
ArtSimpleExample,11,Uno,era6,0.7500000000000001
ArtSimpleExample,11,Uno,era5,0.9500000000000001
ArtSimpleExample,11,Uno,era10,1.0
ArtSimpleExample,11,Uno,era4,0.9
ArtSimpleExample,11,Uno,era3,0.3
ArtSimpleExample,11,Uno,era2,0.85
ArtSimpleExample,11,Uno,era1,0.3
ArtSimpleExample,12,Cheating,era9,0.95
ArtSimpleExample,12,Cheating,era8,0.39999999999999997
ArtSimpleExample,12,Cheating,era7,0.5
ArtSimpleExample,12,Cheating,era6,0.05
ArtSimpleExample,12,Cheating,era5,0.7000000000000001
ArtSimpleExample,12,Cheating,era10,0.35000000000000003
ArtSimpleExample,12,Cheating,era4,0.7499999999999999
ArtSimpleExample,12,Cheating,era3,0.8499999999999999
ArtSimpleExample,12,Cheating,era2,1.0
ArtSimpleExample,12,Cheating,era1,0.95
ArtSimpleExample,12,Next,era9,0.7999999999999998
ArtSimpleExample,12,Next,era8,1.0
ArtSimpleExample,12,Next,era7,0.6
ArtSimpleExample,12,Next,era6,1.0
ArtSimpleExample,12,Next,era5,1.0
ArtSimpleExample,12,Next,era10,0.25
ArtSimpleExample,12,Next,era4,0.5
ArtSimpleExample,12,Next,era3,1.0
ArtSimpleExample,12,Next,era2,0.15000000000000002
ArtSimpleExample,12,Next,era1,0.20000000000000007
ArtSimpleExample,12,FordPrefect,era9,0.05
ArtSimpleExample,12,FordPrefect,era8,0.35000000000000003
ArtSimpleExample,12,FordPrefect,era7,0.9500000000000001
ArtSimpleExample,12,FordPrefect,era6,0.7000000000000001
ArtSimpleExample,12,FordPrefect,era5,0.95
ArtSimpleExample,12,FordPrefect,era10,0.35
ArtSimpleExample,12,FordPrefect,era4,1.0
ArtSimpleExample,12,FordPrefect,era3,0.7999999999999999
ArtSimpleExample,12,FordPrefect,era2,0.35000000000000003
ArtSimpleExample,12,FordPrefect,era1,1.0
ArtSimpleExample,12,ForTrust,era9,0.95
ArtSimpleExample,12,ForTrust,era8,0.6499999999999998
ArtSimpleExample,12,ForTrust,era7,0.35
ArtSimpleExample,12,ForTrust,era6,0.65
ArtSimpleExample,12,ForTrust,era5,1.0
ArtSimpleExample,12,ForTrust,era10,0.9500000000000001
ArtSimpleExample,12,ForTrust,era4,0.45
ArtSimpleExample,12,ForTrust,era3,0.8999999999999999
ArtSimpleExample,12,ForTrust,era2,0.2
ArtSimpleExample,12,ForTrust,era1,0.4
ArtSimpleExample,12,Connected,era9,0.85
ArtSimpleExample,12,Connected,era8,0.95
ArtSimpleExample,12,Connected,era7,1.0
ArtSimpleExample,12,Connected,era6,0.7999999999999999
ArtSimpleExample,12,Connected,era5,0.05
ArtSimpleExample,12,Connected,era10,0.25000000000000006
ArtSimpleExample,12,Connected,era4,0.95
ArtSimpleExample,12,Connected,era3,0.25
ArtSimpleExample,12,Connected,era2,0.55
ArtSimpleExample,12,Connected,era1,0.9000000000000002
ArtSimpleExample,12,Honest,era9,1.0
ArtSimpleExample,12,Honest,era8,0.95
ArtSimpleExample,12,Honest,era7,0.30000000000000004
ArtSimpleExample,12,Honest,era6,0.85
ArtSimpleExample,12,Honest,era5,0.1
ArtSimpleExample,12,Honest,era10,0.65
ArtSimpleExample,12,Honest,era4,0.85
ArtSimpleExample,12,Honest,era3,0.6500000000000001
ArtSimpleExample,12,Honest,era2,0.35
ArtSimpleExample,12,Honest,era1,0.7999999999999998
ArtSimpleExample,12,Uno,era9,0.8499999999999999
ArtSimpleExample,12,Uno,era8,0.35000000000000003
ArtSimpleExample,12,Uno,era7,0.30000000000000004
ArtSimpleExample,12,Uno,era6,0.7000000000000001
ArtSimpleExample,12,Uno,era5,0.9500000000000001
ArtSimpleExample,12,Uno,era10,1.0
ArtSimpleExample,12,Uno,era4,0.9
ArtSimpleExample,12,Uno,era3,0.25
ArtSimpleExample,12,Uno,era2,0.85
ArtSimpleExample,12,Uno,era1,0.35
ArtSimpleExample,13,Cheating,era9,0.8999999999999999
ArtSimpleExample,13,Cheating,era8,0.39999999999999997
ArtSimpleExample,13,Cheating,era7,0.5
ArtSimpleExample,13,Cheating,era6,0.05
ArtSimpleExample,13,Cheating,era5,0.7500000000000001
ArtSimpleExample,13,Cheating,era10,0.30000000000000004
ArtSimpleExample,13,Cheating,era4,0.7999999999999999
ArtSimpleExample,13,Cheating,era3,0.8499999999999999
ArtSimpleExample,13,Cheating,era2,1.0
ArtSimpleExample,13,Cheating,era1,0.95
ArtSimpleExample,13,Next,era9,0.7499999999999998
ArtSimpleExample,13,Next,era8,1.0
ArtSimpleExample,13,Next,era7,0.65
ArtSimpleExample,13,Next,era6,1.0
ArtSimpleExample,13,Next,era5,0.95
ArtSimpleExample,13,Next,era10,0.25
ArtSimpleExample,13,Next,era4,0.5
ArtSimpleExample,13,Next,era3,1.0
ArtSimpleExample,13,Next,era2,0.2
ArtSimpleExample,13,Next,era1,0.20000000000000007
ArtSimpleExample,13,FordPrefect,era9,0.05
ArtSimpleExample,13,FordPrefect,era8,0.30000000000000004
ArtSimpleExample,13,FordPrefect,era7,0.9500000000000001
ArtSimpleExample,13,FordPrefect,era6,0.7500000000000001
ArtSimpleExample,13,FordPrefect,era5,0.95
ArtSimpleExample,13,FordPrefect,era10,0.39999999999999997
ArtSimpleExample,13,FordPrefect,era4,1.0
ArtSimpleExample,13,FordPrefect,era3,0.7999999999999999
ArtSimpleExample,13,FordPrefect,era2,0.30000000000000004
ArtSimpleExample,13,FordPrefect,era1,1.0
ArtSimpleExample,13,ForTrust,era9,0.95
ArtSimpleExample,13,ForTrust,era8,0.6499999999999998
ArtSimpleExample,13,ForTrust,era7,0.35
ArtSimpleExample,13,ForTrust,era6,0.7000000000000001
ArtSimpleExample,13,ForTrust,era5,0.95
ArtSimpleExample,13,ForTrust,era10,0.9500000000000001
ArtSimpleExample,13,ForTrust,era4,0.45
ArtSimpleExample,13,ForTrust,era3,0.8499999999999999
ArtSimpleExample,13,ForTrust,era2,0.25
ArtSimpleExample,13,ForTrust,era1,0.4
ArtSimpleExample,13,Connected,era9,0.85
ArtSimpleExample,13,Connected,era8,0.95
ArtSimpleExample,13,Connected,era7,0.95
ArtSimpleExample,13,Connected,era6,0.7999999999999999
ArtSimpleExample,13,Connected,era5,0.1
ArtSimpleExample,13,Connected,era10,0.20000000000000007
ArtSimpleExample,13,Connected,era4,0.95
ArtSimpleExample,13,Connected,era3,0.25
ArtSimpleExample,13,Connected,era2,0.55
ArtSimpleExample,13,Connected,era1,0.9500000000000003
ArtSimpleExample,13,Honest,era9,1.0
ArtSimpleExample,13,Honest,era8,0.95
ArtSimpleExample,13,Honest,era7,0.30000000000000004
ArtSimpleExample,13,Honest,era6,0.7999999999999999
ArtSimpleExample,13,Honest,era5,0.05
ArtSimpleExample,13,Honest,era10,0.7500000000000001
ArtSimpleExample,13,Honest,era4,0.85
ArtSimpleExample,13,Honest,era3,0.6500000000000001
ArtSimpleExample,13,Honest,era2,0.35
ArtSimpleExample,13,Honest,era1,0.7999999999999998
ArtSimpleExample,13,Uno,era9,0.8999999999999999
ArtSimpleExample,13,Uno,era8,0.35000000000000003
ArtSimpleExample,13,Uno,era7,0.30000000000000004
ArtSimpleExample,13,Uno,era6,0.7000000000000001
ArtSimpleExample,13,Uno,era5,0.9500000000000001
ArtSimpleExample,13,Uno,era10,1.0
ArtSimpleExample,13,Uno,era4,0.9
ArtSimpleExample,13,Uno,era3,0.25
ArtSimpleExample,13,Uno,era2,0.7999999999999999
ArtSimpleExample,13,Uno,era1,0.35
ArtSimpleExample,14,Cheating,era9,0.8999999999999999
ArtSimpleExample,14,Cheating,era8,0.39999999999999997
ArtSimpleExample,14,Cheating,era7,0.5
ArtSimpleExample,14,Cheating,era6,0.1
ArtSimpleExample,14,Cheating,era5,0.7500000000000001
ArtSimpleExample,14,Cheating,era10,0.30000000000000004
ArtSimpleExample,14,Cheating,era4,0.7499999999999999
ArtSimpleExample,14,Cheating,era3,0.8499999999999999
ArtSimpleExample,14,Cheating,era2,0.95
ArtSimpleExample,14,Cheating,era1,1.0
ArtSimpleExample,14,Next,era9,0.7999999999999998
ArtSimpleExample,14,Next,era8,0.95
ArtSimpleExample,14,Next,era7,0.65
ArtSimpleExample,14,Next,era6,1.0
ArtSimpleExample,14,Next,era5,0.8999999999999999
ArtSimpleExample,14,Next,era10,0.25
ArtSimpleExample,14,Next,era4,0.5
ArtSimpleExample,14,Next,era3,1.0
ArtSimpleExample,14,Next,era2,0.25
ArtSimpleExample,14,Next,era1,0.20000000000000007
ArtSimpleExample,14,FordPrefect,era9,0.05
ArtSimpleExample,14,FordPrefect,era8,0.30000000000000004
ArtSimpleExample,14,FordPrefect,era7,0.9500000000000001
ArtSimpleExample,14,FordPrefect,era6,0.7500000000000001
ArtSimpleExample,14,FordPrefect,era5,0.8999999999999999
ArtSimpleExample,14,FordPrefect,era10,0.44999999999999996
ArtSimpleExample,14,FordPrefect,era4,0.95
ArtSimpleExample,14,FordPrefect,era3,0.85
ArtSimpleExample,14,FordPrefect,era2,0.30000000000000004
ArtSimpleExample,14,FordPrefect,era1,1.0
ArtSimpleExample,14,ForTrust,era9,0.95
ArtSimpleExample,14,ForTrust,era8,0.6499999999999998
ArtSimpleExample,14,ForTrust,era7,0.3
ArtSimpleExample,14,ForTrust,era6,0.7000000000000001
ArtSimpleExample,14,ForTrust,era5,0.95
ArtSimpleExample,14,ForTrust,era10,0.9500000000000001
ArtSimpleExample,14,ForTrust,era4,0.45
ArtSimpleExample,14,ForTrust,era3,0.8499999999999999
ArtSimpleExample,14,ForTrust,era2,0.25
ArtSimpleExample,14,ForTrust,era1,0.45
ArtSimpleExample,14,Connected,era9,0.85
ArtSimpleExample,14,Connected,era8,0.95
ArtSimpleExample,14,Connected,era7,0.95
ArtSimpleExample,14,Connected,era6,0.7999999999999999
ArtSimpleExample,14,Connected,era5,0.05
ArtSimpleExample,14,Connected,era10,0.20000000000000007
ArtSimpleExample,14,Connected,era4,1.0
ArtSimpleExample,14,Connected,era3,0.2
ArtSimpleExample,14,Connected,era2,0.6000000000000001
ArtSimpleExample,14,Connected,era1,0.9500000000000003
ArtSimpleExample,14,Honest,era9,1.0
ArtSimpleExample,14,Honest,era8,0.95
ArtSimpleExample,14,Honest,era7,0.35000000000000003
ArtSimpleExample,14,Honest,era6,0.7499999999999999
ArtSimpleExample,14,Honest,era5,0.05
ArtSimpleExample,14,Honest,era10,0.8000000000000002
ArtSimpleExample,14,Honest,era4,0.85
ArtSimpleExample,14,Honest,era3,0.6500000000000001
ArtSimpleExample,14,Honest,era2,0.35
ArtSimpleExample,14,Honest,era1,0.7499999999999998
ArtSimpleExample,14,Uno,era9,0.8999999999999999
ArtSimpleExample,14,Uno,era8,0.30000000000000004
ArtSimpleExample,14,Uno,era7,0.35000000000000003
ArtSimpleExample,14,Uno,era6,0.7000000000000001
ArtSimpleExample,14,Uno,era5,1.0
ArtSimpleExample,14,Uno,era10,0.95
ArtSimpleExample,14,Uno,era4,0.9
ArtSimpleExample,14,Uno,era3,0.25
ArtSimpleExample,14,Uno,era2,0.7999999999999999
ArtSimpleExample,14,Uno,era1,0.35
ArtSimpleExample,15,Cheating,era9,0.8999999999999999
ArtSimpleExample,15,Cheating,era8,0.39999999999999997
ArtSimpleExample,15,Cheating,era7,0.5
ArtSimpleExample,15,Cheating,era6,0.1
ArtSimpleExample,15,Cheating,era5,0.65
ArtSimpleExample,15,Cheating,era10,0.30000000000000004
ArtSimpleExample,15,Cheating,era4,0.7499999999999999
ArtSimpleExample,15,Cheating,era3,0.95
ArtSimpleExample,15,Cheating,era2,0.95
ArtSimpleExample,15,Cheating,era1,1.0
ArtSimpleExample,15,Next,era9,0.7999999999999998
ArtSimpleExample,15,Next,era8,0.95
ArtSimpleExample,15,Next,era7,0.7000000000000001
ArtSimpleExample,15,Next,era6,1.0
ArtSimpleExample,15,Next,era5,0.8499999999999999
ArtSimpleExample,15,Next,era10,0.25
ArtSimpleExample,15,Next,era4,0.5
ArtSimpleExample,15,Next,era3,1.0
ArtSimpleExample,15,Next,era2,0.25
ArtSimpleExample,15,Next,era1,0.20000000000000007
ArtSimpleExample,15,FordPrefect,era9,0.05
ArtSimpleExample,15,FordPrefect,era8,0.30000000000000004
ArtSimpleExample,15,FordPrefect,era7,0.9500000000000001
ArtSimpleExample,15,FordPrefect,era6,0.7500000000000001
ArtSimpleExample,15,FordPrefect,era5,0.8499999999999999
ArtSimpleExample,15,FordPrefect,era10,0.44999999999999996
ArtSimpleExample,15,FordPrefect,era4,1.0
ArtSimpleExample,15,FordPrefect,era3,0.85
ArtSimpleExample,15,FordPrefect,era2,0.30000000000000004
ArtSimpleExample,15,FordPrefect,era1,1.0
ArtSimpleExample,15,ForTrust,era9,0.8999999999999999
ArtSimpleExample,15,ForTrust,era8,0.6499999999999998
ArtSimpleExample,15,ForTrust,era7,0.3
ArtSimpleExample,15,ForTrust,era6,0.7500000000000001
ArtSimpleExample,15,ForTrust,era5,0.95
ArtSimpleExample,15,ForTrust,era10,0.9
ArtSimpleExample,15,ForTrust,era4,0.45
ArtSimpleExample,15,ForTrust,era3,0.8999999999999999
ArtSimpleExample,15,ForTrust,era2,0.25
ArtSimpleExample,15,ForTrust,era1,0.45
ArtSimpleExample,15,Connected,era9,0.85
ArtSimpleExample,15,Connected,era8,0.95
ArtSimpleExample,15,Connected,era7,1.0
ArtSimpleExample,15,Connected,era6,0.7999999999999999
ArtSimpleExample,15,Connected,era5,0.05
ArtSimpleExample,15,Connected,era10,0.20000000000000007
ArtSimpleExample,15,Connected,era4,1.0
ArtSimpleExample,15,Connected,era3,0.2
ArtSimpleExample,15,Connected,era2,0.55
ArtSimpleExample,15,Connected,era1,0.9500000000000003
ArtSimpleExample,15,Honest,era9,1.0
ArtSimpleExample,15,Honest,era8,0.95
ArtSimpleExample,15,Honest,era7,0.35000000000000003
ArtSimpleExample,15,Honest,era6,0.7499999999999999
ArtSimpleExample,15,Honest,era5,0.05
ArtSimpleExample,15,Honest,era10,0.8500000000000002
ArtSimpleExample,15,Honest,era4,0.85
ArtSimpleExample,15,Honest,era3,0.6500000000000001
ArtSimpleExample,15,Honest,era2,0.3
ArtSimpleExample,15,Honest,era1,0.7499999999999998
ArtSimpleExample,15,Uno,era9,0.8999999999999999
ArtSimpleExample,15,Uno,era8,0.25000000000000006
ArtSimpleExample,15,Uno,era7,0.4
ArtSimpleExample,15,Uno,era6,0.7000000000000001
ArtSimpleExample,15,Uno,era5,1.0
ArtSimpleExample,15,Uno,era10,0.95
ArtSimpleExample,15,Uno,era4,0.9500000000000001
ArtSimpleExample,15,Uno,era3,0.25
ArtSimpleExample,15,Uno,era2,0.7499999999999999
ArtSimpleExample,15,Uno,era1,0.35
ArtSimpleExample,16,Cheating,era9,0.8999999999999999
ArtSimpleExample,16,Cheating,era8,0.39999999999999997
ArtSimpleExample,16,Cheating,era7,0.5
ArtSimpleExample,16,Cheating,era6,0.15000000000000002
ArtSimpleExample,16,Cheating,era5,0.6
ArtSimpleExample,16,Cheating,era10,0.35000000000000003
ArtSimpleExample,16,Cheating,era4,0.6999999999999998
ArtSimpleExample,16,Cheating,era3,0.95
ArtSimpleExample,16,Cheating,era2,0.95
ArtSimpleExample,16,Cheating,era1,1.0
ArtSimpleExample,16,Next,era9,0.7999999999999998
ArtSimpleExample,16,Next,era8,1.0
ArtSimpleExample,16,Next,era7,0.7000000000000001
ArtSimpleExample,16,Next,era6,1.0
ArtSimpleExample,16,Next,era5,0.8499999999999999
ArtSimpleExample,16,Next,era10,0.25
ArtSimpleExample,16,Next,era4,0.45
ArtSimpleExample,16,Next,era3,1.0
ArtSimpleExample,16,Next,era2,0.2
ArtSimpleExample,16,Next,era1,0.25000000000000006
ArtSimpleExample,16,FordPrefect,era9,0.05
ArtSimpleExample,16,FordPrefect,era8,0.30000000000000004
ArtSimpleExample,16,FordPrefect,era7,0.9500000000000001
ArtSimpleExample,16,FordPrefect,era6,0.7500000000000001
ArtSimpleExample,16,FordPrefect,era5,0.8999999999999999
ArtSimpleExample,16,FordPrefect,era10,0.49999999999999994
ArtSimpleExample,16,FordPrefect,era4,0.95
ArtSimpleExample,16,FordPrefect,era3,0.7999999999999999
ArtSimpleExample,16,FordPrefect,era2,0.30000000000000004
ArtSimpleExample,16,FordPrefect,era1,1.0
ArtSimpleExample,16,ForTrust,era9,0.8999999999999999
ArtSimpleExample,16,ForTrust,era8,0.6499999999999998
ArtSimpleExample,16,ForTrust,era7,0.3
ArtSimpleExample,16,ForTrust,era6,0.7500000000000001
ArtSimpleExample,16,ForTrust,era5,0.95
ArtSimpleExample,16,ForTrust,era10,0.85
ArtSimpleExample,16,ForTrust,era4,0.45
ArtSimpleExample,16,ForTrust,era3,0.8999999999999999
ArtSimpleExample,16,ForTrust,era2,0.35
ArtSimpleExample,16,ForTrust,era1,0.4
ArtSimpleExample,16,Connected,era9,0.85
ArtSimpleExample,16,Connected,era8,0.8999999999999999
ArtSimpleExample,16,Connected,era7,0.95
ArtSimpleExample,16,Connected,era6,0.85
ArtSimpleExample,16,Connected,era5,0.05
ArtSimpleExample,16,Connected,era10,0.25000000000000006
ArtSimpleExample,16,Connected,era4,1.0
ArtSimpleExample,16,Connected,era3,0.2
ArtSimpleExample,16,Connected,era2,0.55
ArtSimpleExample,16,Connected,era1,0.9500000000000003
ArtSimpleExample,16,Honest,era9,1.0
ArtSimpleExample,16,Honest,era8,0.95
ArtSimpleExample,16,Honest,era7,0.30000000000000004
ArtSimpleExample,16,Honest,era6,0.7999999999999999
ArtSimpleExample,16,Honest,era5,0.05
ArtSimpleExample,16,Honest,era10,0.8500000000000002
ArtSimpleExample,16,Honest,era4,0.7999999999999999
ArtSimpleExample,16,Honest,era3,0.6500000000000001
ArtSimpleExample,16,Honest,era2,0.3
ArtSimpleExample,16,Honest,era1,0.7999999999999998
ArtSimpleExample,16,Uno,era9,0.8499999999999999
ArtSimpleExample,16,Uno,era8,0.25000000000000006
ArtSimpleExample,16,Uno,era7,0.45
ArtSimpleExample,16,Uno,era6,0.7000000000000001
ArtSimpleExample,16,Uno,era5,1.0
ArtSimpleExample,16,Uno,era10,1.0
ArtSimpleExample,16,Uno,era4,0.9500000000000001
ArtSimpleExample,16,Uno,era3,0.25
ArtSimpleExample,16,Uno,era2,0.6999999999999998
ArtSimpleExample,16,Uno,era1,0.35
ArtSimpleExample,17,Cheating,era9,0.95
ArtSimpleExample,17,Cheating,era8,0.35
ArtSimpleExample,17,Cheating,era7,0.5
ArtSimpleExample,17,Cheating,era6,0.2
ArtSimpleExample,17,Cheating,era5,0.6
ArtSimpleExample,17,Cheating,era10,0.30000000000000004
ArtSimpleExample,17,Cheating,era4,0.6999999999999998
ArtSimpleExample,17,Cheating,era3,0.95
ArtSimpleExample,17,Cheating,era2,0.95
ArtSimpleExample,17,Cheating,era1,1.0
ArtSimpleExample,17,Next,era9,0.7999999999999998
ArtSimpleExample,17,Next,era8,1.0
ArtSimpleExample,17,Next,era7,0.65
ArtSimpleExample,17,Next,era6,1.0
ArtSimpleExample,17,Next,era5,0.8499999999999999
ArtSimpleExample,17,Next,era10,0.25
ArtSimpleExample,17,Next,era4,0.55
ArtSimpleExample,17,Next,era3,1.0
ArtSimpleExample,17,Next,era2,0.15000000000000002
ArtSimpleExample,17,Next,era1,0.25000000000000006
ArtSimpleExample,17,FordPrefect,era9,0.05
ArtSimpleExample,17,FordPrefect,era8,0.25000000000000006
ArtSimpleExample,17,FordPrefect,era7,1.0
ArtSimpleExample,17,FordPrefect,era6,0.8000000000000002
ArtSimpleExample,17,FordPrefect,era5,0.8999999999999999
ArtSimpleExample,17,FordPrefect,era10,0.49999999999999994
ArtSimpleExample,17,FordPrefect,era4,0.95
ArtSimpleExample,17,FordPrefect,era3,0.7999999999999999
ArtSimpleExample,17,FordPrefect,era2,0.25000000000000006
ArtSimpleExample,17,FordPrefect,era1,1.0
ArtSimpleExample,17,ForTrust,era9,0.95
ArtSimpleExample,17,ForTrust,era8,0.6499999999999998
ArtSimpleExample,17,ForTrust,era7,0.3
ArtSimpleExample,17,ForTrust,era6,0.7500000000000001
ArtSimpleExample,17,ForTrust,era5,1.0
ArtSimpleExample,17,ForTrust,era10,0.85
ArtSimpleExample,17,ForTrust,era4,0.45
ArtSimpleExample,17,ForTrust,era3,0.8999999999999999
ArtSimpleExample,17,ForTrust,era2,0.3
ArtSimpleExample,17,ForTrust,era1,0.35000000000000003
ArtSimpleExample,17,Connected,era9,0.85
ArtSimpleExample,17,Connected,era8,0.8499999999999999
ArtSimpleExample,17,Connected,era7,0.95
ArtSimpleExample,17,Connected,era6,0.9
ArtSimpleExample,17,Connected,era5,0.1
ArtSimpleExample,17,Connected,era10,0.25000000000000006
ArtSimpleExample,17,Connected,era4,0.95
ArtSimpleExample,17,Connected,era3,0.2
ArtSimpleExample,17,Connected,era2,0.55
ArtSimpleExample,17,Connected,era1,0.9500000000000003
ArtSimpleExample,17,Honest,era9,0.95
ArtSimpleExample,17,Honest,era8,1.0
ArtSimpleExample,17,Honest,era7,0.30000000000000004
ArtSimpleExample,17,Honest,era6,0.7499999999999999
ArtSimpleExample,17,Honest,era5,0.05
ArtSimpleExample,17,Honest,era10,0.8500000000000002
ArtSimpleExample,17,Honest,era4,0.7999999999999999
ArtSimpleExample,17,Honest,era3,0.6500000000000001
ArtSimpleExample,17,Honest,era2,0.35
ArtSimpleExample,17,Honest,era1,0.7999999999999998
ArtSimpleExample,17,Uno,era9,0.7999999999999998
ArtSimpleExample,17,Uno,era8,0.25000000000000006
ArtSimpleExample,17,Uno,era7,0.4
ArtSimpleExample,17,Uno,era6,0.7000000000000001
ArtSimpleExample,17,Uno,era5,1.0
ArtSimpleExample,17,Uno,era10,1.0
ArtSimpleExample,17,Uno,era4,1.0
ArtSimpleExample,17,Uno,era3,0.25
ArtSimpleExample,17,Uno,era2,0.7499999999999999
ArtSimpleExample,17,Uno,era1,0.35
ArtSimpleExample,18,Cheating,era9,1.0
ArtSimpleExample,18,Cheating,era8,0.35
ArtSimpleExample,18,Cheating,era7,0.5
ArtSimpleExample,18,Cheating,era6,0.2
ArtSimpleExample,18,Cheating,era5,0.5499999999999999
ArtSimpleExample,18,Cheating,era10,0.25000000000000006
ArtSimpleExample,18,Cheating,era4,0.6999999999999998
ArtSimpleExample,18,Cheating,era3,1.0
ArtSimpleExample,18,Cheating,era2,0.95
ArtSimpleExample,18,Cheating,era1,1.0
ArtSimpleExample,18,Next,era9,0.8499999999999999
ArtSimpleExample,18,Next,era8,0.95
ArtSimpleExample,18,Next,era7,0.65
ArtSimpleExample,18,Next,era6,1.0
ArtSimpleExample,18,Next,era5,0.7999999999999998
ArtSimpleExample,18,Next,era10,0.25
ArtSimpleExample,18,Next,era4,0.55
ArtSimpleExample,18,Next,era3,1.0
ArtSimpleExample,18,Next,era2,0.2
ArtSimpleExample,18,Next,era1,0.25000000000000006
ArtSimpleExample,18,FordPrefect,era9,0.05
ArtSimpleExample,18,FordPrefect,era8,0.25000000000000006
ArtSimpleExample,18,FordPrefect,era7,1.0
ArtSimpleExample,18,FordPrefect,era6,0.8000000000000002
ArtSimpleExample,18,FordPrefect,era5,0.8999999999999999
ArtSimpleExample,18,FordPrefect,era10,0.5499999999999999
ArtSimpleExample,18,FordPrefect,era4,0.95
ArtSimpleExample,18,FordPrefect,era3,0.7999999999999999
ArtSimpleExample,18,FordPrefect,era2,0.25000000000000006
ArtSimpleExample,18,FordPrefect,era1,0.95
ArtSimpleExample,18,ForTrust,era9,0.95
ArtSimpleExample,18,ForTrust,era8,0.6499999999999998
ArtSimpleExample,18,ForTrust,era7,0.35
ArtSimpleExample,18,ForTrust,era6,0.7000000000000001
ArtSimpleExample,18,ForTrust,era5,0.95
ArtSimpleExample,18,ForTrust,era10,0.85
ArtSimpleExample,18,ForTrust,era4,0.45
ArtSimpleExample,18,ForTrust,era3,0.8999999999999999
ArtSimpleExample,18,ForTrust,era2,0.35
ArtSimpleExample,18,ForTrust,era1,0.35000000000000003
ArtSimpleExample,18,Connected,era9,0.85
ArtSimpleExample,18,Connected,era8,0.8499999999999999
ArtSimpleExample,18,Connected,era7,0.95
ArtSimpleExample,18,Connected,era6,0.9
ArtSimpleExample,18,Connected,era5,0.1
ArtSimpleExample,18,Connected,era10,0.20000000000000007
ArtSimpleExample,18,Connected,era4,0.95
ArtSimpleExample,18,Connected,era3,0.25
ArtSimpleExample,18,Connected,era2,0.55
ArtSimpleExample,18,Connected,era1,0.9500000000000003
ArtSimpleExample,18,Honest,era9,0.95
ArtSimpleExample,18,Honest,era8,1.0
ArtSimpleExample,18,Honest,era7,0.30000000000000004
ArtSimpleExample,18,Honest,era6,0.7499999999999999
ArtSimpleExample,18,Honest,era5,0.05
ArtSimpleExample,18,Honest,era10,0.8000000000000002
ArtSimpleExample,18,Honest,era4,0.7999999999999999
ArtSimpleExample,18,Honest,era3,0.6500000000000001
ArtSimpleExample,18,Honest,era2,0.35
ArtSimpleExample,18,Honest,era1,0.8499999999999999
ArtSimpleExample,18,Uno,era9,0.7999999999999998
ArtSimpleExample,18,Uno,era8,0.25000000000000006
ArtSimpleExample,18,Uno,era7,0.4
ArtSimpleExample,18,Uno,era6,0.7000000000000001
ArtSimpleExample,18,Uno,era5,0.95
ArtSimpleExample,18,Uno,era10,1.0
ArtSimpleExample,18,Uno,era4,0.95
ArtSimpleExample,18,Uno,era3,0.25
ArtSimpleExample,18,Uno,era2,0.7999999999999999
ArtSimpleExample,18,Uno,era1,0.39999999999999997
ArtSimpleExample,19,Cheating,era9,1.0
ArtSimpleExample,19,Cheating,era8,0.35
ArtSimpleExample,19,Cheating,era7,0.5
ArtSimpleExample,19,Cheating,era6,0.2
ArtSimpleExample,19,Cheating,era5,0.5499999999999999
ArtSimpleExample,19,Cheating,era10,0.25000000000000006
ArtSimpleExample,19,Cheating,era4,0.6999999999999998
ArtSimpleExample,19,Cheating,era3,1.0
ArtSimpleExample,19,Cheating,era2,0.95
ArtSimpleExample,19,Cheating,era1,1.0
ArtSimpleExample,19,Next,era9,0.8499999999999999
ArtSimpleExample,19,Next,era8,0.95
ArtSimpleExample,19,Next,era7,0.65
ArtSimpleExample,19,Next,era6,1.0
ArtSimpleExample,19,Next,era5,0.8499999999999999
ArtSimpleExample,19,Next,era10,0.25
ArtSimpleExample,19,Next,era4,0.55
ArtSimpleExample,19,Next,era3,1.0
ArtSimpleExample,19,Next,era2,0.15000000000000002
ArtSimpleExample,19,Next,era1,0.25000000000000006
ArtSimpleExample,19,FordPrefect,era9,0.05
ArtSimpleExample,19,FordPrefect,era8,0.25000000000000006
ArtSimpleExample,19,FordPrefect,era7,1.0
ArtSimpleExample,19,FordPrefect,era6,0.8000000000000002
ArtSimpleExample,19,FordPrefect,era5,0.8999999999999999
ArtSimpleExample,19,FordPrefect,era10,0.5499999999999999
ArtSimpleExample,19,FordPrefect,era4,0.95
ArtSimpleExample,19,FordPrefect,era3,0.7999999999999999
ArtSimpleExample,19,FordPrefect,era2,0.20000000000000007
ArtSimpleExample,19,FordPrefect,era1,1.0
ArtSimpleExample,19,ForTrust,era9,0.95
ArtSimpleExample,19,ForTrust,era8,0.7499999999999999
ArtSimpleExample,19,ForTrust,era7,0.35
ArtSimpleExample,19,ForTrust,era6,0.7000000000000001
ArtSimpleExample,19,ForTrust,era5,0.95
ArtSimpleExample,19,ForTrust,era10,0.7999999999999999
ArtSimpleExample,19,ForTrust,era4,0.45
ArtSimpleExample,19,ForTrust,era3,0.8999999999999999
ArtSimpleExample,19,ForTrust,era2,0.3
ArtSimpleExample,19,ForTrust,era1,0.35000000000000003
ArtSimpleExample,19,Connected,era9,0.7999999999999999
ArtSimpleExample,19,Connected,era8,0.8499999999999999
ArtSimpleExample,19,Connected,era7,1.0
ArtSimpleExample,19,Connected,era6,0.9500000000000001
ArtSimpleExample,19,Connected,era5,0.1
ArtSimpleExample,19,Connected,era10,0.20000000000000007
ArtSimpleExample,19,Connected,era4,0.8999999999999999
ArtSimpleExample,19,Connected,era3,0.25
ArtSimpleExample,19,Connected,era2,0.55
ArtSimpleExample,19,Connected,era1,0.9500000000000003
ArtSimpleExample,19,Honest,era9,0.95
ArtSimpleExample,19,Honest,era8,1.0
ArtSimpleExample,19,Honest,era7,0.30000000000000004
ArtSimpleExample,19,Honest,era6,0.6999999999999998
ArtSimpleExample,19,Honest,era5,0.05
ArtSimpleExample,19,Honest,era10,0.8000000000000002
ArtSimpleExample,19,Honest,era4,0.7999999999999999
ArtSimpleExample,19,Honest,era3,0.6500000000000001
ArtSimpleExample,19,Honest,era2,0.39999999999999997
ArtSimpleExample,19,Honest,era1,0.8499999999999999
ArtSimpleExample,19,Uno,era9,0.7999999999999998
ArtSimpleExample,19,Uno,era8,0.25000000000000006
ArtSimpleExample,19,Uno,era7,0.4
ArtSimpleExample,19,Uno,era6,0.7000000000000001
ArtSimpleExample,19,Uno,era5,0.95
ArtSimpleExample,19,Uno,era10,1.0
ArtSimpleExample,19,Uno,era4,0.95
ArtSimpleExample,19,Uno,era3,0.2
ArtSimpleExample,19,Uno,era2,0.85
ArtSimpleExample,19,Uno,era1,0.39999999999999997
ArtSimpleExample,20,Cheating,era9,1.0
ArtSimpleExample,20,Cheating,era8,0.35
ArtSimpleExample,20,Cheating,era7,0.5
ArtSimpleExample,20,Cheating,era6,0.2
ArtSimpleExample,20,Cheating,era5,0.49999999999999994
ArtSimpleExample,20,Cheating,era10,0.35000000000000003
ArtSimpleExample,20,Cheating,era4,0.6999999999999998
ArtSimpleExample,20,Cheating,era3,1.0
ArtSimpleExample,20,Cheating,era2,0.8999999999999999
ArtSimpleExample,20,Cheating,era1,1.0
ArtSimpleExample,20,Next,era9,0.8499999999999999
ArtSimpleExample,20,Next,era8,0.95
ArtSimpleExample,20,Next,era7,0.65
ArtSimpleExample,20,Next,era6,1.0
ArtSimpleExample,20,Next,era5,0.7999999999999998
ArtSimpleExample,20,Next,era10,0.25
ArtSimpleExample,20,Next,era4,0.55
ArtSimpleExample,20,Next,era3,1.0
ArtSimpleExample,20,Next,era2,0.15000000000000002
ArtSimpleExample,20,Next,era1,0.30000000000000004
ArtSimpleExample,20,FordPrefect,era9,0.05
ArtSimpleExample,20,FordPrefect,era8,0.25000000000000006
ArtSimpleExample,20,FordPrefect,era7,0.95
ArtSimpleExample,20,FordPrefect,era6,0.8000000000000002
ArtSimpleExample,20,FordPrefect,era5,0.8999999999999999
ArtSimpleExample,20,FordPrefect,era10,0.6
ArtSimpleExample,20,FordPrefect,era4,1.0
ArtSimpleExample,20,FordPrefect,era3,0.7499999999999999
ArtSimpleExample,20,FordPrefect,era2,0.20000000000000007
ArtSimpleExample,20,FordPrefect,era1,1.0
ArtSimpleExample,20,ForTrust,era9,0.95
ArtSimpleExample,20,ForTrust,era8,0.7999999999999999
ArtSimpleExample,20,ForTrust,era7,0.35
ArtSimpleExample,20,ForTrust,era6,0.6
ArtSimpleExample,20,ForTrust,era5,0.95
ArtSimpleExample,20,ForTrust,era10,0.7999999999999999
ArtSimpleExample,20,ForTrust,era4,0.45
ArtSimpleExample,20,ForTrust,era3,0.8999999999999999
ArtSimpleExample,20,ForTrust,era2,0.35
ArtSimpleExample,20,ForTrust,era1,0.35000000000000003
ArtSimpleExample,20,Connected,era9,0.7999999999999999
ArtSimpleExample,20,Connected,era8,0.7999999999999998
ArtSimpleExample,20,Connected,era7,1.0
ArtSimpleExample,20,Connected,era6,1.0
ArtSimpleExample,20,Connected,era5,0.1
ArtSimpleExample,20,Connected,era10,0.20000000000000007
ArtSimpleExample,20,Connected,era4,0.8499999999999999
ArtSimpleExample,20,Connected,era3,0.3
ArtSimpleExample,20,Connected,era2,0.55
ArtSimpleExample,20,Connected,era1,0.9500000000000003
ArtSimpleExample,20,Honest,era9,0.95
ArtSimpleExample,20,Honest,era8,1.0
ArtSimpleExample,20,Honest,era7,0.35000000000000003
ArtSimpleExample,20,Honest,era6,0.6999999999999998
ArtSimpleExample,20,Honest,era5,0.05
ArtSimpleExample,20,Honest,era10,0.8000000000000002
ArtSimpleExample,20,Honest,era4,0.7499999999999999
ArtSimpleExample,20,Honest,era3,0.6500000000000001
ArtSimpleExample,20,Honest,era2,0.39999999999999997
ArtSimpleExample,20,Honest,era1,0.8499999999999999
ArtSimpleExample,20,Uno,era9,0.7999999999999998
ArtSimpleExample,20,Uno,era8,0.25000000000000006
ArtSimpleExample,20,Uno,era7,0.4
ArtSimpleExample,20,Uno,era6,0.7000000000000001
ArtSimpleExample,20,Uno,era5,1.0
ArtSimpleExample,20,Uno,era10,1.0
ArtSimpleExample,20,Uno,era4,0.8999999999999999
ArtSimpleExample,20,Uno,era3,0.2
ArtSimpleExample,20,Uno,era2,0.85
ArtSimpleExample,20,Uno,era1,0.39999999999999997
ArtSimpleExample,21,Cheating,era9,1.0
ArtSimpleExample,21,Cheating,era8,0.35
ArtSimpleExample,21,Cheating,era7,0.5
ArtSimpleExample,21,Cheating,era6,0.2
ArtSimpleExample,21,Cheating,era5,0.49999999999999994
ArtSimpleExample,21,Cheating,era10,0.35000000000000003
ArtSimpleExample,21,Cheating,era4,0.6999999999999998
ArtSimpleExample,21,Cheating,era3,1.0
ArtSimpleExample,21,Cheating,era2,0.8999999999999999
ArtSimpleExample,21,Cheating,era1,1.0
ArtSimpleExample,21,Next,era9,0.8499999999999999
ArtSimpleExample,21,Next,era8,0.95
ArtSimpleExample,21,Next,era7,0.65
ArtSimpleExample,21,Next,era6,1.0
ArtSimpleExample,21,Next,era5,0.7999999999999998
ArtSimpleExample,21,Next,era10,0.25
ArtSimpleExample,21,Next,era4,0.55
ArtSimpleExample,21,Next,era3,1.0
ArtSimpleExample,21,Next,era2,0.15000000000000002
ArtSimpleExample,21,Next,era1,0.30000000000000004
ArtSimpleExample,21,FordPrefect,era9,0.05
ArtSimpleExample,21,FordPrefect,era8,0.25000000000000006
ArtSimpleExample,21,FordPrefect,era7,0.95
ArtSimpleExample,21,FordPrefect,era6,0.7000000000000001
ArtSimpleExample,21,FordPrefect,era5,0.95
ArtSimpleExample,21,FordPrefect,era10,0.6
ArtSimpleExample,21,FordPrefect,era4,1.0
ArtSimpleExample,21,FordPrefect,era3,0.7499999999999999
ArtSimpleExample,21,FordPrefect,era2,0.25000000000000006
ArtSimpleExample,21,FordPrefect,era1,1.0
ArtSimpleExample,21,ForTrust,era9,0.95
ArtSimpleExample,21,ForTrust,era8,0.7999999999999999
ArtSimpleExample,21,ForTrust,era7,0.35
ArtSimpleExample,21,ForTrust,era6,0.5499999999999999
ArtSimpleExample,21,ForTrust,era5,0.95
ArtSimpleExample,21,ForTrust,era10,0.7499999999999999
ArtSimpleExample,21,ForTrust,era4,0.45
ArtSimpleExample,21,ForTrust,era3,0.8999999999999999
ArtSimpleExample,21,ForTrust,era2,0.44999999999999996
ArtSimpleExample,21,ForTrust,era1,0.35000000000000003
ArtSimpleExample,21,Connected,era9,0.7999999999999999
ArtSimpleExample,21,Connected,era8,0.7999999999999998
ArtSimpleExample,21,Connected,era7,1.0
ArtSimpleExample,21,Connected,era6,1.0
ArtSimpleExample,21,Connected,era5,0.15000000000000002
ArtSimpleExample,21,Connected,era10,0.20000000000000007
ArtSimpleExample,21,Connected,era4,0.8499999999999999
ArtSimpleExample,21,Connected,era3,0.3
ArtSimpleExample,21,Connected,era2,0.55
ArtSimpleExample,21,Connected,era1,0.9000000000000002
ArtSimpleExample,21,Honest,era9,0.95
ArtSimpleExample,21,Honest,era8,0.95
ArtSimpleExample,21,Honest,era7,0.35000000000000003
ArtSimpleExample,21,Honest,era6,0.6999999999999998
ArtSimpleExample,21,Honest,era5,0.1
ArtSimpleExample,21,Honest,era10,0.8000000000000002
ArtSimpleExample,21,Honest,era4,0.6999999999999998
ArtSimpleExample,21,Honest,era3,0.7000000000000002
ArtSimpleExample,21,Honest,era2,0.39999999999999997
ArtSimpleExample,21,Honest,era1,0.8499999999999999
ArtSimpleExample,21,Uno,era9,0.7999999999999998
ArtSimpleExample,21,Uno,era8,0.30000000000000004
ArtSimpleExample,21,Uno,era7,0.45
ArtSimpleExample,21,Uno,era6,0.7000000000000001
ArtSimpleExample,21,Uno,era5,0.95
ArtSimpleExample,21,Uno,era10,1.0
ArtSimpleExample,21,Uno,era4,0.8999999999999999
ArtSimpleExample,21,Uno,era3,0.15000000000000002
ArtSimpleExample,21,Uno,era2,0.85
ArtSimpleExample,21,Uno,era1,0.39999999999999997
ArtSimpleExample,22,Cheating,era9,1.0
ArtSimpleExample,22,Cheating,era8,0.35
ArtSimpleExample,22,Cheating,era7,0.5
ArtSimpleExample,22,Cheating,era6,0.2
ArtSimpleExample,22,Cheating,era5,0.49999999999999994
ArtSimpleExample,22,Cheating,era10,0.35000000000000003
ArtSimpleExample,22,Cheating,era4,0.6999999999999998
ArtSimpleExample,22,Cheating,era3,0.95
ArtSimpleExample,22,Cheating,era2,0.95
ArtSimpleExample,22,Cheating,era1,1.0
ArtSimpleExample,22,Next,era9,0.8499999999999999
ArtSimpleExample,22,Next,era8,0.95
ArtSimpleExample,22,Next,era7,0.7000000000000001
ArtSimpleExample,22,Next,era6,1.0
ArtSimpleExample,22,Next,era5,0.7999999999999998
ArtSimpleExample,22,Next,era10,0.2
ArtSimpleExample,22,Next,era4,0.55
ArtSimpleExample,22,Next,era3,0.95
ArtSimpleExample,22,Next,era2,0.2
ArtSimpleExample,22,Next,era1,0.30000000000000004
ArtSimpleExample,22,FordPrefect,era9,0.1
ArtSimpleExample,22,FordPrefect,era8,0.20000000000000007
ArtSimpleExample,22,FordPrefect,era7,0.95
ArtSimpleExample,22,FordPrefect,era6,0.7000000000000001
ArtSimpleExample,22,FordPrefect,era5,0.95
ArtSimpleExample,22,FordPrefect,era10,0.6
ArtSimpleExample,22,FordPrefect,era4,1.0
ArtSimpleExample,22,FordPrefect,era3,0.7499999999999999
ArtSimpleExample,22,FordPrefect,era2,0.25000000000000006
ArtSimpleExample,22,FordPrefect,era1,1.0
ArtSimpleExample,22,ForTrust,era9,0.95
ArtSimpleExample,22,ForTrust,era8,0.7499999999999999
ArtSimpleExample,22,ForTrust,era7,0.35
ArtSimpleExample,22,ForTrust,era6,0.6
ArtSimpleExample,22,ForTrust,era5,0.95
ArtSimpleExample,22,ForTrust,era10,0.7499999999999999
ArtSimpleExample,22,ForTrust,era4,0.45
ArtSimpleExample,22,ForTrust,era3,0.8999999999999999
ArtSimpleExample,22,ForTrust,era2,0.44999999999999996
ArtSimpleExample,22,ForTrust,era1,0.35000000000000003
ArtSimpleExample,22,Connected,era9,0.85
ArtSimpleExample,22,Connected,era8,0.8499999999999999
ArtSimpleExample,22,Connected,era7,1.0
ArtSimpleExample,22,Connected,era6,1.0
ArtSimpleExample,22,Connected,era5,0.10000000000000002
ArtSimpleExample,22,Connected,era10,0.20000000000000007
ArtSimpleExample,22,Connected,era4,0.8499999999999999
ArtSimpleExample,22,Connected,era3,0.3
ArtSimpleExample,22,Connected,era2,0.55
ArtSimpleExample,22,Connected,era1,0.8500000000000002
ArtSimpleExample,22,Honest,era9,0.95
ArtSimpleExample,22,Honest,era8,0.95
ArtSimpleExample,22,Honest,era7,0.35000000000000003
ArtSimpleExample,22,Honest,era6,0.6999999999999998
ArtSimpleExample,22,Honest,era5,0.10000000000000002
ArtSimpleExample,22,Honest,era10,0.8000000000000002
ArtSimpleExample,22,Honest,era4,0.6999999999999998
ArtSimpleExample,22,Honest,era3,0.7000000000000002
ArtSimpleExample,22,Honest,era2,0.39999999999999997
ArtSimpleExample,22,Honest,era1,0.8499999999999999
ArtSimpleExample,22,Uno,era9,0.7999999999999998
ArtSimpleExample,22,Uno,era8,0.35000000000000003
ArtSimpleExample,22,Uno,era7,0.45
ArtSimpleExample,22,Uno,era6,0.7500000000000001
ArtSimpleExample,22,Uno,era5,0.95
ArtSimpleExample,22,Uno,era10,1.0
ArtSimpleExample,22,Uno,era4,0.8999999999999999
ArtSimpleExample,22,Uno,era3,0.10000000000000002
ArtSimpleExample,22,Uno,era2,0.7999999999999999
ArtSimpleExample,22,Uno,era1,0.39999999999999997
ArtSimpleExample,23,Cheating,era9,1.0
ArtSimpleExample,23,Cheating,era8,0.35
ArtSimpleExample,23,Cheating,era7,0.55
ArtSimpleExample,23,Cheating,era6,0.2
ArtSimpleExample,23,Cheating,era5,0.5499999999999999
ArtSimpleExample,23,Cheating,era10,0.30000000000000004
ArtSimpleExample,23,Cheating,era4,0.6499999999999998
ArtSimpleExample,23,Cheating,era3,0.95
ArtSimpleExample,23,Cheating,era2,0.95
ArtSimpleExample,23,Cheating,era1,1.0
ArtSimpleExample,23,Next,era9,0.8499999999999999
ArtSimpleExample,23,Next,era8,0.95
ArtSimpleExample,23,Next,era7,0.7000000000000001
ArtSimpleExample,23,Next,era6,0.95
ArtSimpleExample,23,Next,era5,0.7999999999999998
ArtSimpleExample,23,Next,era10,0.25
ArtSimpleExample,23,Next,era4,0.55
ArtSimpleExample,23,Next,era3,0.95
ArtSimpleExample,23,Next,era2,0.2
ArtSimpleExample,23,Next,era1,0.30000000000000004
ArtSimpleExample,23,FordPrefect,era9,0.05
ArtSimpleExample,23,FordPrefect,era8,0.20000000000000007
ArtSimpleExample,23,FordPrefect,era7,0.95
ArtSimpleExample,23,FordPrefect,era6,0.7000000000000001
ArtSimpleExample,23,FordPrefect,era5,1.0
ArtSimpleExample,23,FordPrefect,era10,0.6
ArtSimpleExample,23,FordPrefect,era4,1.0
ArtSimpleExample,23,FordPrefect,era3,0.7499999999999999
ArtSimpleExample,23,FordPrefect,era2,0.25000000000000006
ArtSimpleExample,23,FordPrefect,era1,1.0
ArtSimpleExample,23,ForTrust,era9,0.95
ArtSimpleExample,23,ForTrust,era8,0.7499999999999999
ArtSimpleExample,23,ForTrust,era7,0.35
ArtSimpleExample,23,ForTrust,era6,0.6
ArtSimpleExample,23,ForTrust,era5,0.95
ArtSimpleExample,23,ForTrust,era10,0.7499999999999999
ArtSimpleExample,23,ForTrust,era4,0.45
ArtSimpleExample,23,ForTrust,era3,0.95
ArtSimpleExample,23,ForTrust,era2,0.44999999999999996
ArtSimpleExample,23,ForTrust,era1,0.30000000000000004
ArtSimpleExample,23,Connected,era9,0.7999999999999999
ArtSimpleExample,23,Connected,era8,0.8999999999999999
ArtSimpleExample,23,Connected,era7,1.0
ArtSimpleExample,23,Connected,era6,0.95
ArtSimpleExample,23,Connected,era5,0.10000000000000002
ArtSimpleExample,23,Connected,era10,0.20000000000000007
ArtSimpleExample,23,Connected,era4,0.8499999999999999
ArtSimpleExample,23,Connected,era3,0.3
ArtSimpleExample,23,Connected,era2,0.6000000000000001
ArtSimpleExample,23,Connected,era1,0.8500000000000002
ArtSimpleExample,23,Honest,era9,0.95
ArtSimpleExample,23,Honest,era8,0.95
ArtSimpleExample,23,Honest,era7,0.35000000000000003
ArtSimpleExample,23,Honest,era6,0.6999999999999998
ArtSimpleExample,23,Honest,era5,0.10000000000000002
ArtSimpleExample,23,Honest,era10,0.8000000000000002
ArtSimpleExample,23,Honest,era4,0.7499999999999999
ArtSimpleExample,23,Honest,era3,0.6500000000000001
ArtSimpleExample,23,Honest,era2,0.39999999999999997
ArtSimpleExample,23,Honest,era1,0.8499999999999999
ArtSimpleExample,23,Uno,era9,0.7999999999999998
ArtSimpleExample,23,Uno,era8,0.30000000000000004
ArtSimpleExample,23,Uno,era7,0.4
ArtSimpleExample,23,Uno,era6,0.8000000000000002
ArtSimpleExample,23,Uno,era5,1.0
ArtSimpleExample,23,Uno,era10,1.0
ArtSimpleExample,23,Uno,era4,0.8999999999999999
ArtSimpleExample,23,Uno,era3,0.10000000000000002
ArtSimpleExample,23,Uno,era2,0.7999999999999999
ArtSimpleExample,23,Uno,era1,0.39999999999999997
ArtSimpleExample,24,Cheating,era9,1.0
ArtSimpleExample,24,Cheating,era8,0.35
ArtSimpleExample,24,Cheating,era7,0.55
ArtSimpleExample,24,Cheating,era6,0.2
ArtSimpleExample,24,Cheating,era5,0.5499999999999999
ArtSimpleExample,24,Cheating,era10,0.30000000000000004
ArtSimpleExample,24,Cheating,era4,0.6999999999999998
ArtSimpleExample,24,Cheating,era3,0.8999999999999999
ArtSimpleExample,24,Cheating,era2,0.95
ArtSimpleExample,24,Cheating,era1,1.0
ArtSimpleExample,24,Next,era9,0.8499999999999999
ArtSimpleExample,24,Next,era8,0.95
ArtSimpleExample,24,Next,era7,0.7000000000000001
ArtSimpleExample,24,Next,era6,0.95
ArtSimpleExample,24,Next,era5,0.7999999999999998
ArtSimpleExample,24,Next,era10,0.2
ArtSimpleExample,24,Next,era4,0.55
ArtSimpleExample,24,Next,era3,0.95
ArtSimpleExample,24,Next,era2,0.2
ArtSimpleExample,24,Next,era1,0.35000000000000003
ArtSimpleExample,24,FordPrefect,era9,0.1
ArtSimpleExample,24,FordPrefect,era8,0.20000000000000007
ArtSimpleExample,24,FordPrefect,era7,0.95
ArtSimpleExample,24,FordPrefect,era6,0.7000000000000001
ArtSimpleExample,24,FordPrefect,era5,1.0
ArtSimpleExample,24,FordPrefect,era10,0.5499999999999999
ArtSimpleExample,24,FordPrefect,era4,1.0
ArtSimpleExample,24,FordPrefect,era3,0.7999999999999999
ArtSimpleExample,24,FordPrefect,era2,0.25000000000000006
ArtSimpleExample,24,FordPrefect,era1,0.95
ArtSimpleExample,24,ForTrust,era9,0.95
ArtSimpleExample,24,ForTrust,era8,0.7499999999999999
ArtSimpleExample,24,ForTrust,era7,0.35
ArtSimpleExample,24,ForTrust,era6,0.6
ArtSimpleExample,24,ForTrust,era5,0.95
ArtSimpleExample,24,ForTrust,era10,0.7499999999999999
ArtSimpleExample,24,ForTrust,era4,0.5
ArtSimpleExample,24,ForTrust,era3,0.8999999999999999
ArtSimpleExample,24,ForTrust,era2,0.44999999999999996
ArtSimpleExample,24,ForTrust,era1,0.30000000000000004
ArtSimpleExample,24,Connected,era9,0.7999999999999999
ArtSimpleExample,24,Connected,era8,0.8999999999999999
ArtSimpleExample,24,Connected,era7,1.0
ArtSimpleExample,24,Connected,era6,0.95
ArtSimpleExample,24,Connected,era5,0.10000000000000002
ArtSimpleExample,24,Connected,era10,0.15000000000000008
ArtSimpleExample,24,Connected,era4,0.8999999999999999
ArtSimpleExample,24,Connected,era3,0.35
ArtSimpleExample,24,Connected,era2,0.55
ArtSimpleExample,24,Connected,era1,0.8500000000000002
ArtSimpleExample,24,Honest,era9,0.8999999999999999
ArtSimpleExample,24,Honest,era8,0.95
ArtSimpleExample,24,Honest,era7,0.35000000000000003
ArtSimpleExample,24,Honest,era6,0.6999999999999998
ArtSimpleExample,24,Honest,era5,0.15000000000000002
ArtSimpleExample,24,Honest,era10,0.8000000000000002
ArtSimpleExample,24,Honest,era4,0.7499999999999999
ArtSimpleExample,24,Honest,era3,0.6500000000000001
ArtSimpleExample,24,Honest,era2,0.39999999999999997
ArtSimpleExample,24,Honest,era1,0.8499999999999999
ArtSimpleExample,24,Uno,era9,0.7999999999999998
ArtSimpleExample,24,Uno,era8,0.30000000000000004
ArtSimpleExample,24,Uno,era7,0.35000000000000003
ArtSimpleExample,24,Uno,era6,0.8000000000000002
ArtSimpleExample,24,Uno,era5,1.0
ArtSimpleExample,24,Uno,era10,1.0
ArtSimpleExample,24,Uno,era4,0.8999999999999999
ArtSimpleExample,24,Uno,era3,0.10000000000000002
ArtSimpleExample,24,Uno,era2,0.7999999999999999
ArtSimpleExample,24,Uno,era1,0.44999999999999996
ArtSimpleExample,25,Cheating,era9,1.0
ArtSimpleExample,25,Cheating,era8,0.3
ArtSimpleExample,25,Cheating,era7,0.55
ArtSimpleExample,25,Cheating,era6,0.25
ArtSimpleExample,25,Cheating,era5,0.5499999999999999
ArtSimpleExample,25,Cheating,era10,0.30000000000000004
ArtSimpleExample,25,Cheating,era4,0.6499999999999998
ArtSimpleExample,25,Cheating,era3,0.8999999999999999
ArtSimpleExample,25,Cheating,era2,1.0
ArtSimpleExample,25,Cheating,era1,1.0
ArtSimpleExample,25,Next,era9,0.8499999999999999
ArtSimpleExample,25,Next,era8,1.0
ArtSimpleExample,25,Next,era7,0.7000000000000001
ArtSimpleExample,25,Next,era6,0.8999999999999999
ArtSimpleExample,25,Next,era5,0.7999999999999998
ArtSimpleExample,25,Next,era10,0.15000000000000002
ArtSimpleExample,25,Next,era4,0.6000000000000001
ArtSimpleExample,25,Next,era3,0.95
ArtSimpleExample,25,Next,era2,0.2
ArtSimpleExample,25,Next,era1,0.35000000000000003
ArtSimpleExample,25,FordPrefect,era9,0.1
ArtSimpleExample,25,FordPrefect,era8,0.25000000000000006
ArtSimpleExample,25,FordPrefect,era7,0.95
ArtSimpleExample,25,FordPrefect,era6,0.7000000000000001
ArtSimpleExample,25,FordPrefect,era5,0.95
ArtSimpleExample,25,FordPrefect,era10,0.5499999999999999
ArtSimpleExample,25,FordPrefect,era4,1.0
ArtSimpleExample,25,FordPrefect,era3,0.7999999999999999
ArtSimpleExample,25,FordPrefect,era2,0.25000000000000006
ArtSimpleExample,25,FordPrefect,era1,0.95
ArtSimpleExample,25,ForTrust,era9,0.95
ArtSimpleExample,25,ForTrust,era8,0.7499999999999999
ArtSimpleExample,25,ForTrust,era7,0.3
ArtSimpleExample,25,ForTrust,era6,0.6
ArtSimpleExample,25,ForTrust,era5,0.95
ArtSimpleExample,25,ForTrust,era10,0.7499999999999999
ArtSimpleExample,25,ForTrust,era4,0.55
ArtSimpleExample,25,ForTrust,era3,0.8999999999999999
ArtSimpleExample,25,ForTrust,era2,0.44999999999999996
ArtSimpleExample,25,ForTrust,era1,0.30000000000000004
ArtSimpleExample,25,Connected,era9,0.7999999999999999
ArtSimpleExample,25,Connected,era8,0.8999999999999999
ArtSimpleExample,25,Connected,era7,0.95
ArtSimpleExample,25,Connected,era6,1.0
ArtSimpleExample,25,Connected,era5,0.05000000000000002
ArtSimpleExample,25,Connected,era10,0.15000000000000008
ArtSimpleExample,25,Connected,era4,0.8999999999999999
ArtSimpleExample,25,Connected,era3,0.39999999999999997
ArtSimpleExample,25,Connected,era2,0.55
ArtSimpleExample,25,Connected,era1,0.8500000000000002
ArtSimpleExample,25,Honest,era9,0.8999999999999999
ArtSimpleExample,25,Honest,era8,0.95
ArtSimpleExample,25,Honest,era7,0.4
ArtSimpleExample,25,Honest,era6,0.6999999999999998
ArtSimpleExample,25,Honest,era5,0.15000000000000002
ArtSimpleExample,25,Honest,era10,0.8000000000000002
ArtSimpleExample,25,Honest,era4,0.7499999999999999
ArtSimpleExample,25,Honest,era3,0.6000000000000001
ArtSimpleExample,25,Honest,era2,0.39999999999999997
ArtSimpleExample,25,Honest,era1,0.8499999999999999
ArtSimpleExample,25,Uno,era9,0.8499999999999999
ArtSimpleExample,25,Uno,era8,0.30000000000000004
ArtSimpleExample,25,Uno,era7,0.30000000000000004
ArtSimpleExample,25,Uno,era6,0.8000000000000002
ArtSimpleExample,25,Uno,era5,1.0
ArtSimpleExample,25,Uno,era10,1.0
ArtSimpleExample,25,Uno,era4,0.95
ArtSimpleExample,25,Uno,era3,0.05000000000000002
ArtSimpleExample,25,Uno,era2,0.7999999999999999
ArtSimpleExample,25,Uno,era1,0.44999999999999996
ArtSimpleExample,26,Cheating,era9,1.0
ArtSimpleExample,26,Cheating,era8,0.3
ArtSimpleExample,26,Cheating,era7,0.5
ArtSimpleExample,26,Cheating,era6,0.25
ArtSimpleExample,26,Cheating,era5,0.5499999999999999
ArtSimpleExample,26,Cheating,era10,0.25000000000000006
ArtSimpleExample,26,Cheating,era4,0.6999999999999998
ArtSimpleExample,26,Cheating,era3,0.95
ArtSimpleExample,26,Cheating,era2,1.0
ArtSimpleExample,26,Cheating,era1,1.0
ArtSimpleExample,26,Next,era9,0.8499999999999999
ArtSimpleExample,26,Next,era8,1.0
ArtSimpleExample,26,Next,era7,0.7000000000000001
ArtSimpleExample,26,Next,era6,0.95
ArtSimpleExample,26,Next,era5,0.7499999999999998
ArtSimpleExample,26,Next,era10,0.10000000000000002
ArtSimpleExample,26,Next,era4,0.6000000000000001
ArtSimpleExample,26,Next,era3,0.95
ArtSimpleExample,26,Next,era2,0.2
ArtSimpleExample,26,Next,era1,0.4
ArtSimpleExample,26,FordPrefect,era9,0.15000000000000002
ArtSimpleExample,26,FordPrefect,era8,0.25000000000000006
ArtSimpleExample,26,FordPrefect,era7,0.95
ArtSimpleExample,26,FordPrefect,era6,0.65
ArtSimpleExample,26,FordPrefect,era5,0.95
ArtSimpleExample,26,FordPrefect,era10,0.5499999999999999
ArtSimpleExample,26,FordPrefect,era4,1.0
ArtSimpleExample,26,FordPrefect,era3,0.7999999999999999
ArtSimpleExample,26,FordPrefect,era2,0.25000000000000006
ArtSimpleExample,26,FordPrefect,era1,0.95
ArtSimpleExample,26,ForTrust,era9,0.95
ArtSimpleExample,26,ForTrust,era8,0.7499999999999999
ArtSimpleExample,26,ForTrust,era7,0.3
ArtSimpleExample,26,ForTrust,era6,0.65
ArtSimpleExample,26,ForTrust,era5,0.95
ArtSimpleExample,26,ForTrust,era10,0.7499999999999999
ArtSimpleExample,26,ForTrust,era4,0.5
ArtSimpleExample,26,ForTrust,era3,0.8499999999999999
ArtSimpleExample,26,ForTrust,era2,0.49999999999999994
ArtSimpleExample,26,ForTrust,era1,0.30000000000000004
ArtSimpleExample,26,Connected,era9,0.85
ArtSimpleExample,26,Connected,era8,0.8999999999999999
ArtSimpleExample,26,Connected,era7,0.95
ArtSimpleExample,26,Connected,era6,0.95
ArtSimpleExample,26,Connected,era5,0.05000000000000002
ArtSimpleExample,26,Connected,era10,0.15000000000000008
ArtSimpleExample,26,Connected,era4,0.8999999999999999
ArtSimpleExample,26,Connected,era3,0.39999999999999997
ArtSimpleExample,26,Connected,era2,0.55
ArtSimpleExample,26,Connected,era1,0.8500000000000002
ArtSimpleExample,26,Honest,era9,0.8999999999999999
ArtSimpleExample,26,Honest,era8,0.8999999999999999
ArtSimpleExample,26,Honest,era7,0.4
ArtSimpleExample,26,Honest,era6,0.7499999999999999
ArtSimpleExample,26,Honest,era5,0.15000000000000002
ArtSimpleExample,26,Honest,era10,0.8000000000000002
ArtSimpleExample,26,Honest,era4,0.6999999999999998
ArtSimpleExample,26,Honest,era3,0.6000000000000001
ArtSimpleExample,26,Honest,era2,0.39999999999999997
ArtSimpleExample,26,Honest,era1,0.8999999999999999
ArtSimpleExample,26,Uno,era9,0.8499999999999999
ArtSimpleExample,26,Uno,era8,0.30000000000000004
ArtSimpleExample,26,Uno,era7,0.35000000000000003
ArtSimpleExample,26,Uno,era6,0.8000000000000002
ArtSimpleExample,26,Uno,era5,0.95
ArtSimpleExample,26,Uno,era10,1.0
ArtSimpleExample,26,Uno,era4,0.95
ArtSimpleExample,26,Uno,era3,0.05000000000000002
ArtSimpleExample,26,Uno,era2,0.7999999999999999
ArtSimpleExample,26,Uno,era1,0.44999999999999996
ArtSimpleExample,27,Cheating,era9,1.0
ArtSimpleExample,27,Cheating,era8,0.3
ArtSimpleExample,27,Cheating,era7,0.45
ArtSimpleExample,27,Cheating,era6,0.3
ArtSimpleExample,27,Cheating,era5,0.5499999999999999
ArtSimpleExample,27,Cheating,era10,0.25000000000000006
ArtSimpleExample,27,Cheating,era4,0.6999999999999998
ArtSimpleExample,27,Cheating,era3,0.95
ArtSimpleExample,27,Cheating,era2,1.0
ArtSimpleExample,27,Cheating,era1,1.0
ArtSimpleExample,27,Next,era9,0.8999999999999999
ArtSimpleExample,27,Next,era8,1.0
ArtSimpleExample,27,Next,era7,0.7000000000000001
ArtSimpleExample,27,Next,era6,0.95
ArtSimpleExample,27,Next,era5,0.6999999999999997
ArtSimpleExample,27,Next,era10,0.10000000000000002
ArtSimpleExample,27,Next,era4,0.6000000000000001
ArtSimpleExample,27,Next,era3,0.95
ArtSimpleExample,27,Next,era2,0.2
ArtSimpleExample,27,Next,era1,0.4
ArtSimpleExample,27,FordPrefect,era9,0.2
ArtSimpleExample,27,FordPrefect,era8,0.30000000000000004
ArtSimpleExample,27,FordPrefect,era7,0.95
ArtSimpleExample,27,FordPrefect,era6,0.65
ArtSimpleExample,27,FordPrefect,era5,0.8999999999999999
ArtSimpleExample,27,FordPrefect,era10,0.5499999999999999
ArtSimpleExample,27,FordPrefect,era4,0.95
ArtSimpleExample,27,FordPrefect,era3,0.7999999999999999
ArtSimpleExample,27,FordPrefect,era2,0.25000000000000006
ArtSimpleExample,27,FordPrefect,era1,0.95
ArtSimpleExample,27,ForTrust,era9,1.0
ArtSimpleExample,27,ForTrust,era8,0.7499999999999999
ArtSimpleExample,27,ForTrust,era7,0.25
ArtSimpleExample,27,ForTrust,era6,0.65
ArtSimpleExample,27,ForTrust,era5,0.95
ArtSimpleExample,27,ForTrust,era10,0.7999999999999999
ArtSimpleExample,27,ForTrust,era4,0.45
ArtSimpleExample,27,ForTrust,era3,0.8499999999999999
ArtSimpleExample,27,ForTrust,era2,0.49999999999999994
ArtSimpleExample,27,ForTrust,era1,0.30000000000000004
ArtSimpleExample,27,Connected,era9,0.85
ArtSimpleExample,27,Connected,era8,0.95
ArtSimpleExample,27,Connected,era7,0.95
ArtSimpleExample,27,Connected,era6,0.95
ArtSimpleExample,27,Connected,era5,0.05
ArtSimpleExample,27,Connected,era10,0.15000000000000008
ArtSimpleExample,27,Connected,era4,0.8999999999999999
ArtSimpleExample,27,Connected,era3,0.35
ArtSimpleExample,27,Connected,era2,0.6000000000000001
ArtSimpleExample,27,Connected,era1,0.8500000000000002
ArtSimpleExample,27,Honest,era9,0.8499999999999999
ArtSimpleExample,27,Honest,era8,0.8999999999999999
ArtSimpleExample,27,Honest,era7,0.45
ArtSimpleExample,27,Honest,era6,0.7499999999999999
ArtSimpleExample,27,Honest,era5,0.10000000000000002
ArtSimpleExample,27,Honest,era10,0.8000000000000002
ArtSimpleExample,27,Honest,era4,0.6999999999999998
ArtSimpleExample,27,Honest,era3,0.6500000000000001
ArtSimpleExample,27,Honest,era2,0.39999999999999997
ArtSimpleExample,27,Honest,era1,0.8999999999999999
ArtSimpleExample,27,Uno,era9,0.8499999999999999
ArtSimpleExample,27,Uno,era8,0.35000000000000003
ArtSimpleExample,27,Uno,era7,0.35000000000000003
ArtSimpleExample,27,Uno,era6,0.8000000000000002
ArtSimpleExample,27,Uno,era5,0.8999999999999999
ArtSimpleExample,27,Uno,era10,1.0
ArtSimpleExample,27,Uno,era4,0.8999999999999999
ArtSimpleExample,27,Uno,era3,0.05000000000000002
ArtSimpleExample,27,Uno,era2,0.7999999999999999
ArtSimpleExample,27,Uno,era1,0.49999999999999994
ArtSimpleExample,28,Cheating,era9,1.0
ArtSimpleExample,28,Cheating,era8,0.3
ArtSimpleExample,28,Cheating,era7,0.4
ArtSimpleExample,28,Cheating,era6,0.3
ArtSimpleExample,28,Cheating,era5,0.6
ArtSimpleExample,28,Cheating,era10,0.30000000000000004
ArtSimpleExample,28,Cheating,era4,0.6499999999999998
ArtSimpleExample,28,Cheating,era3,0.95
ArtSimpleExample,28,Cheating,era2,1.0
ArtSimpleExample,28,Cheating,era1,1.0
ArtSimpleExample,28,Next,era9,0.8999999999999999
ArtSimpleExample,28,Next,era8,0.95
ArtSimpleExample,28,Next,era7,0.7000000000000001
ArtSimpleExample,28,Next,era6,0.95
ArtSimpleExample,28,Next,era5,0.6999999999999997
ArtSimpleExample,28,Next,era10,0.2
ArtSimpleExample,28,Next,era4,0.6000000000000001
ArtSimpleExample,28,Next,era3,0.95
ArtSimpleExample,28,Next,era2,0.2
ArtSimpleExample,28,Next,era1,0.35000000000000003
ArtSimpleExample,28,FordPrefect,era9,0.25
ArtSimpleExample,28,FordPrefect,era8,0.35000000000000003
ArtSimpleExample,28,FordPrefect,era7,0.95
ArtSimpleExample,28,FordPrefect,era6,0.6
ArtSimpleExample,28,FordPrefect,era5,0.8999999999999999
ArtSimpleExample,28,FordPrefect,era10,0.5499999999999999
ArtSimpleExample,28,FordPrefect,era4,0.95
ArtSimpleExample,28,FordPrefect,era3,0.7999999999999999
ArtSimpleExample,28,FordPrefect,era2,0.25000000000000006
ArtSimpleExample,28,FordPrefect,era1,0.8999999999999999
ArtSimpleExample,28,ForTrust,era9,0.95
ArtSimpleExample,28,ForTrust,era8,0.7499999999999999
ArtSimpleExample,28,ForTrust,era7,0.25
ArtSimpleExample,28,ForTrust,era6,0.65
ArtSimpleExample,28,ForTrust,era5,0.95
ArtSimpleExample,28,ForTrust,era10,0.7999999999999999
ArtSimpleExample,28,ForTrust,era4,0.45
ArtSimpleExample,28,ForTrust,era3,0.8499999999999999
ArtSimpleExample,28,ForTrust,era2,0.5499999999999999
ArtSimpleExample,28,ForTrust,era1,0.30000000000000004
ArtSimpleExample,28,Connected,era9,0.7999999999999999
ArtSimpleExample,28,Connected,era8,0.8999999999999999
ArtSimpleExample,28,Connected,era7,1.0
ArtSimpleExample,28,Connected,era6,0.95
ArtSimpleExample,28,Connected,era5,0.05
ArtSimpleExample,28,Connected,era10,0.15000000000000008
ArtSimpleExample,28,Connected,era4,0.8999999999999999
ArtSimpleExample,28,Connected,era3,0.35
ArtSimpleExample,28,Connected,era2,0.6500000000000001
ArtSimpleExample,28,Connected,era1,0.8500000000000002
ArtSimpleExample,28,Honest,era9,0.8999999999999999
ArtSimpleExample,28,Honest,era8,0.8999999999999999
ArtSimpleExample,28,Honest,era7,0.45
ArtSimpleExample,28,Honest,era6,0.7499999999999999
ArtSimpleExample,28,Honest,era5,0.10000000000000002
ArtSimpleExample,28,Honest,era10,0.8000000000000002
ArtSimpleExample,28,Honest,era4,0.6499999999999998
ArtSimpleExample,28,Honest,era3,0.6500000000000001
ArtSimpleExample,28,Honest,era2,0.39999999999999997
ArtSimpleExample,28,Honest,era1,0.8999999999999999
ArtSimpleExample,28,Uno,era9,0.7999999999999998
ArtSimpleExample,28,Uno,era8,0.4
ArtSimpleExample,28,Uno,era7,0.35000000000000003
ArtSimpleExample,28,Uno,era6,0.8000000000000002
ArtSimpleExample,28,Uno,era5,0.8999999999999999
ArtSimpleExample,28,Uno,era10,1.0
ArtSimpleExample,28,Uno,era4,0.8999999999999999
ArtSimpleExample,28,Uno,era3,0.10000000000000002
ArtSimpleExample,28,Uno,era2,0.7499999999999999
ArtSimpleExample,28,Uno,era1,0.49999999999999994
ArtSimpleExample,29,Cheating,era9,1.0
ArtSimpleExample,29,Cheating,era8,0.35
ArtSimpleExample,29,Cheating,era7,0.45
ArtSimpleExample,29,Cheating,era6,0.25
ArtSimpleExample,29,Cheating,era5,0.6
ArtSimpleExample,29,Cheating,era10,0.30000000000000004
ArtSimpleExample,29,Cheating,era4,0.5999999999999998
ArtSimpleExample,29,Cheating,era3,0.95
ArtSimpleExample,29,Cheating,era2,1.0
ArtSimpleExample,29,Cheating,era1,1.0
ArtSimpleExample,29,Next,era9,0.8499999999999999
ArtSimpleExample,29,Next,era8,1.0
ArtSimpleExample,29,Next,era7,0.7000000000000001
ArtSimpleExample,29,Next,era6,0.95
ArtSimpleExample,29,Next,era5,0.6999999999999997
ArtSimpleExample,29,Next,era10,0.2
ArtSimpleExample,29,Next,era4,0.6000000000000001
ArtSimpleExample,29,Next,era3,1.0
ArtSimpleExample,29,Next,era2,0.15000000000000002
ArtSimpleExample,29,Next,era1,0.35000000000000003
ArtSimpleExample,29,FordPrefect,era9,0.25
ArtSimpleExample,29,FordPrefect,era8,0.30000000000000004
ArtSimpleExample,29,FordPrefect,era7,0.95
ArtSimpleExample,29,FordPrefect,era6,0.6
ArtSimpleExample,29,FordPrefect,era5,0.8999999999999999
ArtSimpleExample,29,FordPrefect,era10,0.5499999999999999
ArtSimpleExample,29,FordPrefect,era4,0.95
ArtSimpleExample,29,FordPrefect,era3,0.85
ArtSimpleExample,29,FordPrefect,era2,0.25000000000000006
ArtSimpleExample,29,FordPrefect,era1,0.8999999999999999
ArtSimpleExample,29,ForTrust,era9,1.0
ArtSimpleExample,29,ForTrust,era8,0.7499999999999999
ArtSimpleExample,29,ForTrust,era7,0.25
ArtSimpleExample,29,ForTrust,era6,0.6
ArtSimpleExample,29,ForTrust,era5,0.95
ArtSimpleExample,29,ForTrust,era10,0.7999999999999999
ArtSimpleExample,29,ForTrust,era4,0.45
ArtSimpleExample,29,ForTrust,era3,0.8499999999999999
ArtSimpleExample,29,ForTrust,era2,0.5499999999999999
ArtSimpleExample,29,ForTrust,era1,0.30000000000000004
ArtSimpleExample,29,Connected,era9,0.85
ArtSimpleExample,29,Connected,era8,0.8999999999999999
ArtSimpleExample,29,Connected,era7,1.0
ArtSimpleExample,29,Connected,era6,0.95
ArtSimpleExample,29,Connected,era5,0.1
ArtSimpleExample,29,Connected,era10,0.10000000000000007
ArtSimpleExample,29,Connected,era4,0.8999999999999999
ArtSimpleExample,29,Connected,era3,0.3
ArtSimpleExample,29,Connected,era2,0.6500000000000001
ArtSimpleExample,29,Connected,era1,0.8500000000000002
ArtSimpleExample,29,Honest,era9,0.8499999999999999
ArtSimpleExample,29,Honest,era8,0.95
ArtSimpleExample,29,Honest,era7,0.45
ArtSimpleExample,29,Honest,era6,0.7499999999999999
ArtSimpleExample,29,Honest,era5,0.10000000000000002
ArtSimpleExample,29,Honest,era10,0.8000000000000002
ArtSimpleExample,29,Honest,era4,0.6499999999999998
ArtSimpleExample,29,Honest,era3,0.6500000000000001
ArtSimpleExample,29,Honest,era2,0.39999999999999997
ArtSimpleExample,29,Honest,era1,0.8999999999999999
ArtSimpleExample,29,Uno,era9,0.7999999999999998
ArtSimpleExample,29,Uno,era8,0.45
ArtSimpleExample,29,Uno,era7,0.30000000000000004
ArtSimpleExample,29,Uno,era6,0.8000000000000002
ArtSimpleExample,29,Uno,era5,0.8999999999999999
ArtSimpleExample,29,Uno,era10,1.0
ArtSimpleExample,29,Uno,era4,0.8499999999999999
ArtSimpleExample,29,Uno,era3,0.10000000000000002
ArtSimpleExample,29,Uno,era2,0.7499999999999999
ArtSimpleExample,29,Uno,era1,0.5499999999999999
ArtSimpleExample,30,Cheating,era9,0.95
ArtSimpleExample,30,Cheating,era8,0.35
ArtSimpleExample,30,Cheating,era7,0.5
ArtSimpleExample,30,Cheating,era6,0.25
ArtSimpleExample,30,Cheating,era5,0.6
ArtSimpleExample,30,Cheating,era10,0.30000000000000004
ArtSimpleExample,30,Cheating,era4,0.5999999999999998
ArtSimpleExample,30,Cheating,era3,0.95
ArtSimpleExample,30,Cheating,era2,1.0
ArtSimpleExample,30,Cheating,era1,1.0
ArtSimpleExample,30,Next,era9,0.8499999999999999
ArtSimpleExample,30,Next,era8,1.0
ArtSimpleExample,30,Next,era7,0.7000000000000001
ArtSimpleExample,30,Next,era6,1.0
ArtSimpleExample,30,Next,era5,0.6999999999999997
ArtSimpleExample,30,Next,era10,0.2
ArtSimpleExample,30,Next,era4,0.55
ArtSimpleExample,30,Next,era3,0.95
ArtSimpleExample,30,Next,era2,0.15000000000000002
ArtSimpleExample,30,Next,era1,0.4
ArtSimpleExample,30,FordPrefect,era9,0.25
ArtSimpleExample,30,FordPrefect,era8,0.30000000000000004
ArtSimpleExample,30,FordPrefect,era7,1.0
ArtSimpleExample,30,FordPrefect,era6,0.6
ArtSimpleExample,30,FordPrefect,era5,0.8999999999999999
ArtSimpleExample,30,FordPrefect,era10,0.5499999999999999
ArtSimpleExample,30,FordPrefect,era4,0.95
ArtSimpleExample,30,FordPrefect,era3,0.85
ArtSimpleExample,30,FordPrefect,era2,0.20000000000000007
ArtSimpleExample,30,FordPrefect,era1,0.8999999999999999
ArtSimpleExample,30,ForTrust,era9,1.0
ArtSimpleExample,30,ForTrust,era8,0.7499999999999999
ArtSimpleExample,30,ForTrust,era7,0.25
ArtSimpleExample,30,ForTrust,era6,0.65
ArtSimpleExample,30,ForTrust,era5,0.95
ArtSimpleExample,30,ForTrust,era10,0.7999999999999999
ArtSimpleExample,30,ForTrust,era4,0.5
ArtSimpleExample,30,ForTrust,era3,0.8499999999999999
ArtSimpleExample,30,ForTrust,era2,0.49999999999999994
ArtSimpleExample,30,ForTrust,era1,0.25000000000000006
ArtSimpleExample,30,Connected,era9,0.85
ArtSimpleExample,30,Connected,era8,0.8999999999999999
ArtSimpleExample,30,Connected,era7,1.0
ArtSimpleExample,30,Connected,era6,0.95
ArtSimpleExample,30,Connected,era5,0.1
ArtSimpleExample,30,Connected,era10,0.10000000000000007
ArtSimpleExample,30,Connected,era4,0.8999999999999999
ArtSimpleExample,30,Connected,era3,0.3
ArtSimpleExample,30,Connected,era2,0.7000000000000002
ArtSimpleExample,30,Connected,era1,0.8000000000000002
ArtSimpleExample,30,Honest,era9,0.8499999999999999
ArtSimpleExample,30,Honest,era8,0.8999999999999999
ArtSimpleExample,30,Honest,era7,0.45
ArtSimpleExample,30,Honest,era6,0.7999999999999999
ArtSimpleExample,30,Honest,era5,0.10000000000000002
ArtSimpleExample,30,Honest,era10,0.8000000000000002
ArtSimpleExample,30,Honest,era4,0.6999999999999998
ArtSimpleExample,30,Honest,era3,0.6500000000000001
ArtSimpleExample,30,Honest,era2,0.39999999999999997
ArtSimpleExample,30,Honest,era1,0.8499999999999999
ArtSimpleExample,30,Uno,era9,0.7999999999999998
ArtSimpleExample,30,Uno,era8,0.45
ArtSimpleExample,30,Uno,era7,0.30000000000000004
ArtSimpleExample,30,Uno,era6,0.7500000000000001
ArtSimpleExample,30,Uno,era5,0.8999999999999999
ArtSimpleExample,30,Uno,era10,1.0
ArtSimpleExample,30,Uno,era4,0.8499999999999999
ArtSimpleExample,30,Uno,era3,0.10000000000000002
ArtSimpleExample,30,Uno,era2,0.7499999999999999
ArtSimpleExample,30,Uno,era1,0.6
ArtSimpleExample,31,Cheating,era9,0.8999999999999999
ArtSimpleExample,31,Cheating,era8,0.3
ArtSimpleExample,31,Cheating,era7,0.5
ArtSimpleExample,31,Cheating,era6,0.25
ArtSimpleExample,31,Cheating,era5,0.65
ArtSimpleExample,31,Cheating,era10,0.35000000000000003
ArtSimpleExample,31,Cheating,era4,0.5999999999999998
ArtSimpleExample,31,Cheating,era3,0.95
ArtSimpleExample,31,Cheating,era2,1.0
ArtSimpleExample,31,Cheating,era1,1.0
ArtSimpleExample,31,Next,era9,0.8499999999999999
ArtSimpleExample,31,Next,era8,0.95
ArtSimpleExample,31,Next,era7,0.7000000000000001
ArtSimpleExample,31,Next,era6,1.0
ArtSimpleExample,31,Next,era5,0.6999999999999997
ArtSimpleExample,31,Next,era10,0.2
ArtSimpleExample,31,Next,era4,0.55
ArtSimpleExample,31,Next,era3,0.95
ArtSimpleExample,31,Next,era2,0.15000000000000002
ArtSimpleExample,31,Next,era1,0.45
ArtSimpleExample,31,FordPrefect,era9,0.25
ArtSimpleExample,31,FordPrefect,era8,0.35000000000000003
ArtSimpleExample,31,FordPrefect,era7,1.0
ArtSimpleExample,31,FordPrefect,era6,0.6
ArtSimpleExample,31,FordPrefect,era5,0.8499999999999999
ArtSimpleExample,31,FordPrefect,era10,0.5499999999999999
ArtSimpleExample,31,FordPrefect,era4,0.8999999999999999
ArtSimpleExample,31,FordPrefect,era3,0.85
ArtSimpleExample,31,FordPrefect,era2,0.25000000000000006
ArtSimpleExample,31,FordPrefect,era1,0.8999999999999999
ArtSimpleExample,31,ForTrust,era9,1.0
ArtSimpleExample,31,ForTrust,era8,0.6999999999999998
ArtSimpleExample,31,ForTrust,era7,0.2
ArtSimpleExample,31,ForTrust,era6,0.65
ArtSimpleExample,31,ForTrust,era5,0.95
ArtSimpleExample,31,ForTrust,era10,0.7999999999999999
ArtSimpleExample,31,ForTrust,era4,0.5
ArtSimpleExample,31,ForTrust,era3,0.8499999999999999
ArtSimpleExample,31,ForTrust,era2,0.5499999999999999
ArtSimpleExample,31,ForTrust,era1,0.30000000000000004
ArtSimpleExample,31,Connected,era9,0.9
ArtSimpleExample,31,Connected,era8,0.8999999999999999
ArtSimpleExample,31,Connected,era7,1.0
ArtSimpleExample,31,Connected,era6,0.95
ArtSimpleExample,31,Connected,era5,0.1
ArtSimpleExample,31,Connected,era10,0.05
ArtSimpleExample,31,Connected,era4,0.8999999999999999
ArtSimpleExample,31,Connected,era3,0.3
ArtSimpleExample,31,Connected,era2,0.7000000000000002
ArtSimpleExample,31,Connected,era1,0.8500000000000002
ArtSimpleExample,31,Honest,era9,0.8499999999999999
ArtSimpleExample,31,Honest,era8,0.8999999999999999
ArtSimpleExample,31,Honest,era7,0.5
ArtSimpleExample,31,Honest,era6,0.7999999999999999
ArtSimpleExample,31,Honest,era5,0.10000000000000002
ArtSimpleExample,31,Honest,era10,0.8000000000000002
ArtSimpleExample,31,Honest,era4,0.6499999999999998
ArtSimpleExample,31,Honest,era3,0.6500000000000001
ArtSimpleExample,31,Honest,era2,0.39999999999999997
ArtSimpleExample,31,Honest,era1,0.8499999999999999
ArtSimpleExample,31,Uno,era9,0.7999999999999998
ArtSimpleExample,31,Uno,era8,0.5
ArtSimpleExample,31,Uno,era7,0.30000000000000004
ArtSimpleExample,31,Uno,era6,0.7500000000000001
ArtSimpleExample,31,Uno,era5,0.8999999999999999
ArtSimpleExample,31,Uno,era10,0.95
ArtSimpleExample,31,Uno,era4,0.8499999999999999
ArtSimpleExample,31,Uno,era3,0.05000000000000002
ArtSimpleExample,31,Uno,era2,0.7999999999999999
ArtSimpleExample,31,Uno,era1,0.6
ArtSimpleExample,32,Cheating,era9,0.8999999999999999
ArtSimpleExample,32,Cheating,era8,0.35
ArtSimpleExample,32,Cheating,era7,0.5
ArtSimpleExample,32,Cheating,era6,0.3
ArtSimpleExample,32,Cheating,era5,0.6
ArtSimpleExample,32,Cheating,era10,0.35000000000000003
ArtSimpleExample,32,Cheating,era4,0.5999999999999998
ArtSimpleExample,32,Cheating,era3,0.8999999999999999
ArtSimpleExample,32,Cheating,era2,1.0
ArtSimpleExample,32,Cheating,era1,1.0
ArtSimpleExample,32,Next,era9,0.8499999999999999
ArtSimpleExample,32,Next,era8,0.95
ArtSimpleExample,32,Next,era7,0.7000000000000001
ArtSimpleExample,32,Next,era6,0.95
ArtSimpleExample,32,Next,era5,0.6999999999999997
ArtSimpleExample,32,Next,era10,0.15000000000000002
ArtSimpleExample,32,Next,era4,0.55
ArtSimpleExample,32,Next,era3,1.0
ArtSimpleExample,32,Next,era2,0.2
ArtSimpleExample,32,Next,era1,0.45
ArtSimpleExample,32,FordPrefect,era9,0.25
ArtSimpleExample,32,FordPrefect,era8,0.35000000000000003
ArtSimpleExample,32,FordPrefect,era7,1.0
ArtSimpleExample,32,FordPrefect,era6,0.6
ArtSimpleExample,32,FordPrefect,era5,0.8499999999999999
ArtSimpleExample,32,FordPrefect,era10,0.6
ArtSimpleExample,32,FordPrefect,era4,0.8999999999999999
ArtSimpleExample,32,FordPrefect,era3,0.7999999999999999
ArtSimpleExample,32,FordPrefect,era2,0.25000000000000006
ArtSimpleExample,32,FordPrefect,era1,0.8999999999999999
ArtSimpleExample,32,ForTrust,era9,1.0
ArtSimpleExample,32,ForTrust,era8,0.6999999999999998
ArtSimpleExample,32,ForTrust,era7,0.2
ArtSimpleExample,32,ForTrust,era6,0.65
ArtSimpleExample,32,ForTrust,era5,0.95
ArtSimpleExample,32,ForTrust,era10,0.7999999999999999
ArtSimpleExample,32,ForTrust,era4,0.5
ArtSimpleExample,32,ForTrust,era3,0.8499999999999999
ArtSimpleExample,32,ForTrust,era2,0.6
ArtSimpleExample,32,ForTrust,era1,0.25000000000000006
ArtSimpleExample,32,Connected,era9,0.85
ArtSimpleExample,32,Connected,era8,0.8999999999999999
ArtSimpleExample,32,Connected,era7,1.0
ArtSimpleExample,32,Connected,era6,0.95
ArtSimpleExample,32,Connected,era5,0.15000000000000002
ArtSimpleExample,32,Connected,era10,0.05
ArtSimpleExample,32,Connected,era4,0.8999999999999999
ArtSimpleExample,32,Connected,era3,0.3
ArtSimpleExample,32,Connected,era2,0.7000000000000002
ArtSimpleExample,32,Connected,era1,0.8500000000000002
ArtSimpleExample,32,Honest,era9,0.8499999999999999
ArtSimpleExample,32,Honest,era8,0.8499999999999999
ArtSimpleExample,32,Honest,era7,0.45
ArtSimpleExample,32,Honest,era6,0.7999999999999999
ArtSimpleExample,32,Honest,era5,0.10000000000000002
ArtSimpleExample,32,Honest,era10,0.8000000000000002
ArtSimpleExample,32,Honest,era4,0.6499999999999998
ArtSimpleExample,32,Honest,era3,0.6500000000000001
ArtSimpleExample,32,Honest,era2,0.44999999999999996
ArtSimpleExample,32,Honest,era1,0.8999999999999999
ArtSimpleExample,32,Uno,era9,0.7999999999999998
ArtSimpleExample,32,Uno,era8,0.5
ArtSimpleExample,32,Uno,era7,0.30000000000000004
ArtSimpleExample,32,Uno,era6,0.8500000000000002
ArtSimpleExample,32,Uno,era5,0.8999999999999999
ArtSimpleExample,32,Uno,era10,0.8999999999999999
ArtSimpleExample,32,Uno,era4,0.8499999999999999
ArtSimpleExample,32,Uno,era3,0.05000000000000002
ArtSimpleExample,32,Uno,era2,0.7999999999999999
ArtSimpleExample,32,Uno,era1,0.5499999999999999
ArtSimpleExample,33,Cheating,era9,0.7999999999999998
ArtSimpleExample,33,Cheating,era8,0.35
ArtSimpleExample,33,Cheating,era7,0.5
ArtSimpleExample,33,Cheating,era6,0.3
ArtSimpleExample,33,Cheating,era5,0.6
ArtSimpleExample,33,Cheating,era10,0.4
ArtSimpleExample,33,Cheating,era4,0.5999999999999998
ArtSimpleExample,33,Cheating,era3,0.95
ArtSimpleExample,33,Cheating,era2,1.0
ArtSimpleExample,33,Cheating,era1,1.0
ArtSimpleExample,33,Next,era9,0.8499999999999999
ArtSimpleExample,33,Next,era8,0.8999999999999999
ArtSimpleExample,33,Next,era7,0.7500000000000001
ArtSimpleExample,33,Next,era6,1.0
ArtSimpleExample,33,Next,era5,0.6999999999999997
ArtSimpleExample,33,Next,era10,0.15000000000000002
ArtSimpleExample,33,Next,era4,0.55
ArtSimpleExample,33,Next,era3,1.0
ArtSimpleExample,33,Next,era2,0.15000000000000002
ArtSimpleExample,33,Next,era1,0.45
ArtSimpleExample,33,FordPrefect,era9,0.25
ArtSimpleExample,33,FordPrefect,era8,0.30000000000000004
ArtSimpleExample,33,FordPrefect,era7,1.0
ArtSimpleExample,33,FordPrefect,era6,0.6
ArtSimpleExample,33,FordPrefect,era5,0.8999999999999999
ArtSimpleExample,33,FordPrefect,era10,0.6
ArtSimpleExample,33,FordPrefect,era4,0.8999999999999999
ArtSimpleExample,33,FordPrefect,era3,0.7999999999999999
ArtSimpleExample,33,FordPrefect,era2,0.25000000000000006
ArtSimpleExample,33,FordPrefect,era1,0.8999999999999999
ArtSimpleExample,33,ForTrust,era9,1.0
ArtSimpleExample,33,ForTrust,era8,0.6999999999999998
ArtSimpleExample,33,ForTrust,era7,0.2
ArtSimpleExample,33,ForTrust,era6,0.7000000000000001
ArtSimpleExample,33,ForTrust,era5,0.95
ArtSimpleExample,33,ForTrust,era10,0.7999999999999999
ArtSimpleExample,33,ForTrust,era4,0.5
ArtSimpleExample,33,ForTrust,era3,0.8499999999999999
ArtSimpleExample,33,ForTrust,era2,0.6
ArtSimpleExample,33,ForTrust,era1,0.20000000000000007
ArtSimpleExample,33,Connected,era9,0.85
ArtSimpleExample,33,Connected,era8,0.7999999999999998
ArtSimpleExample,33,Connected,era7,1.0
ArtSimpleExample,33,Connected,era6,1.0
ArtSimpleExample,33,Connected,era5,0.15000000000000002
ArtSimpleExample,33,Connected,era10,0.05
ArtSimpleExample,33,Connected,era4,0.8999999999999999
ArtSimpleExample,33,Connected,era3,0.3
ArtSimpleExample,33,Connected,era2,0.7500000000000002
ArtSimpleExample,33,Connected,era1,0.8500000000000002
ArtSimpleExample,33,Honest,era9,0.8499999999999999
ArtSimpleExample,33,Honest,era8,0.8499999999999999
ArtSimpleExample,33,Honest,era7,0.4
ArtSimpleExample,33,Honest,era6,0.85
ArtSimpleExample,33,Honest,era5,0.10000000000000002
ArtSimpleExample,33,Honest,era10,0.8000000000000002
ArtSimpleExample,33,Honest,era4,0.6499999999999998
ArtSimpleExample,33,Honest,era3,0.6000000000000001
ArtSimpleExample,33,Honest,era2,0.44999999999999996
ArtSimpleExample,33,Honest,era1,0.95
ArtSimpleExample,33,Uno,era9,0.8499999999999999
ArtSimpleExample,33,Uno,era8,0.5
ArtSimpleExample,33,Uno,era7,0.30000000000000004
ArtSimpleExample,33,Uno,era6,0.8000000000000002
ArtSimpleExample,33,Uno,era5,0.8999999999999999
ArtSimpleExample,33,Uno,era10,0.8999999999999999
ArtSimpleExample,33,Uno,era4,0.8499999999999999
ArtSimpleExample,33,Uno,era3,0.1
ArtSimpleExample,33,Uno,era2,0.7999999999999999
ArtSimpleExample,33,Uno,era1,0.5499999999999999
ArtSimpleExample,34,Cheating,era9,0.7499999999999998
ArtSimpleExample,34,Cheating,era8,0.39999999999999997
ArtSimpleExample,34,Cheating,era7,0.5
ArtSimpleExample,34,Cheating,era6,0.3
ArtSimpleExample,34,Cheating,era5,0.5499999999999999
ArtSimpleExample,34,Cheating,era10,0.4
ArtSimpleExample,34,Cheating,era4,0.6499999999999998
ArtSimpleExample,34,Cheating,era3,0.95
ArtSimpleExample,34,Cheating,era2,1.0
ArtSimpleExample,34,Cheating,era1,1.0
ArtSimpleExample,34,Next,era9,0.8499999999999999
ArtSimpleExample,34,Next,era8,0.8499999999999999
ArtSimpleExample,34,Next,era7,0.7500000000000001
ArtSimpleExample,34,Next,era6,1.0
ArtSimpleExample,34,Next,era5,0.6999999999999997
ArtSimpleExample,34,Next,era10,0.2
ArtSimpleExample,34,Next,era4,0.55
ArtSimpleExample,34,Next,era3,1.0
ArtSimpleExample,34,Next,era2,0.2
ArtSimpleExample,34,Next,era1,0.4
ArtSimpleExample,34,FordPrefect,era9,0.25
ArtSimpleExample,34,FordPrefect,era8,0.35000000000000003
ArtSimpleExample,34,FordPrefect,era7,1.0
ArtSimpleExample,34,FordPrefect,era6,0.5499999999999999
ArtSimpleExample,34,FordPrefect,era5,0.8499999999999999
ArtSimpleExample,34,FordPrefect,era10,0.6
ArtSimpleExample,34,FordPrefect,era4,0.8999999999999999
ArtSimpleExample,34,FordPrefect,era3,0.7999999999999999
ArtSimpleExample,34,FordPrefect,era2,0.30000000000000004
ArtSimpleExample,34,FordPrefect,era1,0.8999999999999999
ArtSimpleExample,34,ForTrust,era9,1.0
ArtSimpleExample,34,ForTrust,era8,0.6999999999999998
ArtSimpleExample,34,ForTrust,era7,0.2
ArtSimpleExample,34,ForTrust,era6,0.7000000000000001
ArtSimpleExample,34,ForTrust,era5,0.95
ArtSimpleExample,34,ForTrust,era10,0.7999999999999999
ArtSimpleExample,34,ForTrust,era4,0.4
ArtSimpleExample,34,ForTrust,era3,0.95
ArtSimpleExample,34,ForTrust,era2,0.6
ArtSimpleExample,34,ForTrust,era1,0.20000000000000007
ArtSimpleExample,34,Connected,era9,0.9
ArtSimpleExample,34,Connected,era8,0.7999999999999998
ArtSimpleExample,34,Connected,era7,0.95
ArtSimpleExample,34,Connected,era6,0.95
ArtSimpleExample,34,Connected,era5,0.15000000000000002
ArtSimpleExample,34,Connected,era10,0.05
ArtSimpleExample,34,Connected,era4,0.8999999999999999
ArtSimpleExample,34,Connected,era3,0.3
ArtSimpleExample,34,Connected,era2,0.7500000000000002
ArtSimpleExample,34,Connected,era1,0.9000000000000002
ArtSimpleExample,34,Honest,era9,0.8999999999999999
ArtSimpleExample,34,Honest,era8,0.8499999999999999
ArtSimpleExample,34,Honest,era7,0.4
ArtSimpleExample,34,Honest,era6,0.7499999999999999
ArtSimpleExample,34,Honest,era5,0.15000000000000002
ArtSimpleExample,34,Honest,era10,0.8000000000000002
ArtSimpleExample,34,Honest,era4,0.6499999999999998
ArtSimpleExample,34,Honest,era3,0.6000000000000001
ArtSimpleExample,34,Honest,era2,0.44999999999999996
ArtSimpleExample,34,Honest,era1,0.95
ArtSimpleExample,34,Uno,era9,0.7999999999999998
ArtSimpleExample,34,Uno,era8,0.5
ArtSimpleExample,34,Uno,era7,0.35000000000000003
ArtSimpleExample,34,Uno,era6,0.8000000000000002
ArtSimpleExample,34,Uno,era5,0.95
ArtSimpleExample,34,Uno,era10,0.8999999999999999
ArtSimpleExample,34,Uno,era4,0.8499999999999999
ArtSimpleExample,34,Uno,era3,0.1
ArtSimpleExample,34,Uno,era2,0.7999999999999999
ArtSimpleExample,34,Uno,era1,0.49999999999999994
ArtSimpleExample,35,Cheating,era9,0.7999999999999998
ArtSimpleExample,35,Cheating,era8,0.39999999999999997
ArtSimpleExample,35,Cheating,era7,0.45
ArtSimpleExample,35,Cheating,era6,0.35
ArtSimpleExample,35,Cheating,era5,0.5499999999999999
ArtSimpleExample,35,Cheating,era10,0.4
ArtSimpleExample,35,Cheating,era4,0.6499999999999998
ArtSimpleExample,35,Cheating,era3,0.95
ArtSimpleExample,35,Cheating,era2,0.95
ArtSimpleExample,35,Cheating,era1,1.0
ArtSimpleExample,35,Next,era9,0.7999999999999998
ArtSimpleExample,35,Next,era8,0.8499999999999999
ArtSimpleExample,35,Next,era7,0.7500000000000001
ArtSimpleExample,35,Next,era6,1.0
ArtSimpleExample,35,Next,era5,0.6499999999999997
ArtSimpleExample,35,Next,era10,0.2
ArtSimpleExample,35,Next,era4,0.55
ArtSimpleExample,35,Next,era3,1.0
ArtSimpleExample,35,Next,era2,0.25
ArtSimpleExample,35,Next,era1,0.45
ArtSimpleExample,35,FordPrefect,era9,0.2
ArtSimpleExample,35,FordPrefect,era8,0.4
ArtSimpleExample,35,FordPrefect,era7,1.0
ArtSimpleExample,35,FordPrefect,era6,0.5499999999999999
ArtSimpleExample,35,FordPrefect,era5,0.8999999999999999
ArtSimpleExample,35,FordPrefect,era10,0.6
ArtSimpleExample,35,FordPrefect,era4,0.8999999999999999
ArtSimpleExample,35,FordPrefect,era3,0.7999999999999999
ArtSimpleExample,35,FordPrefect,era2,0.25000000000000006
ArtSimpleExample,35,FordPrefect,era1,0.8999999999999999
ArtSimpleExample,35,ForTrust,era9,1.0
ArtSimpleExample,35,ForTrust,era8,0.6499999999999998
ArtSimpleExample,35,ForTrust,era7,0.2
ArtSimpleExample,35,ForTrust,era6,0.7500000000000001
ArtSimpleExample,35,ForTrust,era5,0.8999999999999999
ArtSimpleExample,35,ForTrust,era10,0.85
ArtSimpleExample,35,ForTrust,era4,0.4
ArtSimpleExample,35,ForTrust,era3,0.95
ArtSimpleExample,35,ForTrust,era2,0.6
ArtSimpleExample,35,ForTrust,era1,0.20000000000000007
ArtSimpleExample,35,Connected,era9,0.9
ArtSimpleExample,35,Connected,era8,0.7999999999999998
ArtSimpleExample,35,Connected,era7,1.0
ArtSimpleExample,35,Connected,era6,0.8999999999999999
ArtSimpleExample,35,Connected,era5,0.15000000000000002
ArtSimpleExample,35,Connected,era10,0.05
ArtSimpleExample,35,Connected,era4,0.8999999999999999
ArtSimpleExample,35,Connected,era3,0.3
ArtSimpleExample,35,Connected,era2,0.7500000000000002
ArtSimpleExample,35,Connected,era1,0.9000000000000002
ArtSimpleExample,35,Honest,era9,0.95
ArtSimpleExample,35,Honest,era8,0.8499999999999999
ArtSimpleExample,35,Honest,era7,0.4
ArtSimpleExample,35,Honest,era6,0.7499999999999999
ArtSimpleExample,35,Honest,era5,0.15000000000000002
ArtSimpleExample,35,Honest,era10,0.7500000000000001
ArtSimpleExample,35,Honest,era4,0.6499999999999998
ArtSimpleExample,35,Honest,era3,0.6000000000000001
ArtSimpleExample,35,Honest,era2,0.44999999999999996
ArtSimpleExample,35,Honest,era1,0.95
ArtSimpleExample,35,Uno,era9,0.7999999999999998
ArtSimpleExample,35,Uno,era8,0.5
ArtSimpleExample,35,Uno,era7,0.35000000000000003
ArtSimpleExample,35,Uno,era6,0.7500000000000001
ArtSimpleExample,35,Uno,era5,0.95
ArtSimpleExample,35,Uno,era10,0.95
ArtSimpleExample,35,Uno,era4,0.7999999999999998
ArtSimpleExample,35,Uno,era3,0.1
ArtSimpleExample,35,Uno,era2,0.7999999999999999
ArtSimpleExample,35,Uno,era1,0.5499999999999999
ArtSimpleExample,36,Cheating,era9,0.7999999999999998
ArtSimpleExample,36,Cheating,era8,0.35
ArtSimpleExample,36,Cheating,era7,0.4
ArtSimpleExample,36,Cheating,era6,0.39999999999999997
ArtSimpleExample,36,Cheating,era5,0.5499999999999999
ArtSimpleExample,36,Cheating,era10,0.4
ArtSimpleExample,36,Cheating,era4,0.6499999999999998
ArtSimpleExample,36,Cheating,era3,0.95
ArtSimpleExample,36,Cheating,era2,1.0
ArtSimpleExample,36,Cheating,era1,1.0
ArtSimpleExample,36,Next,era9,0.7999999999999998
ArtSimpleExample,36,Next,era8,0.8499999999999999
ArtSimpleExample,36,Next,era7,0.7000000000000001
ArtSimpleExample,36,Next,era6,1.0
ArtSimpleExample,36,Next,era5,0.6499999999999997
ArtSimpleExample,36,Next,era10,0.25
ArtSimpleExample,36,Next,era4,0.5
ArtSimpleExample,36,Next,era3,1.0
ArtSimpleExample,36,Next,era2,0.3
ArtSimpleExample,36,Next,era1,0.45
ArtSimpleExample,36,FordPrefect,era9,0.2
ArtSimpleExample,36,FordPrefect,era8,0.4
ArtSimpleExample,36,FordPrefect,era7,1.0
ArtSimpleExample,36,FordPrefect,era6,0.5499999999999999
ArtSimpleExample,36,FordPrefect,era5,0.95
ArtSimpleExample,36,FordPrefect,era10,0.6
ArtSimpleExample,36,FordPrefect,era4,0.8999999999999999
ArtSimpleExample,36,FordPrefect,era3,0.7499999999999999
ArtSimpleExample,36,FordPrefect,era2,0.30000000000000004
ArtSimpleExample,36,FordPrefect,era1,0.8499999999999999
ArtSimpleExample,36,ForTrust,era9,1.0
ArtSimpleExample,36,ForTrust,era8,0.6499999999999998
ArtSimpleExample,36,ForTrust,era7,0.2
ArtSimpleExample,36,ForTrust,era6,0.7500000000000001
ArtSimpleExample,36,ForTrust,era5,0.8999999999999999
ArtSimpleExample,36,ForTrust,era10,0.85
ArtSimpleExample,36,ForTrust,era4,0.4
ArtSimpleExample,36,ForTrust,era3,0.95
ArtSimpleExample,36,ForTrust,era2,0.6
ArtSimpleExample,36,ForTrust,era1,0.20000000000000007
ArtSimpleExample,36,Connected,era9,0.9
ArtSimpleExample,36,Connected,era8,0.7999999999999998
ArtSimpleExample,36,Connected,era7,0.8999999999999999
ArtSimpleExample,36,Connected,era6,0.95
ArtSimpleExample,36,Connected,era5,0.15000000000000002
ArtSimpleExample,36,Connected,era10,0.1
ArtSimpleExample,36,Connected,era4,0.8999999999999999
ArtSimpleExample,36,Connected,era3,0.3
ArtSimpleExample,36,Connected,era2,0.7500000000000002
ArtSimpleExample,36,Connected,era1,0.9000000000000002
ArtSimpleExample,36,Honest,era9,0.95
ArtSimpleExample,36,Honest,era8,0.8499999999999999
ArtSimpleExample,36,Honest,era7,0.35000000000000003
ArtSimpleExample,36,Honest,era6,0.7999999999999999
ArtSimpleExample,36,Honest,era5,0.2
ArtSimpleExample,36,Honest,era10,0.7000000000000001
ArtSimpleExample,36,Honest,era4,0.6499999999999998
ArtSimpleExample,36,Honest,era3,0.6000000000000001
ArtSimpleExample,36,Honest,era2,0.44999999999999996
ArtSimpleExample,36,Honest,era1,0.95
ArtSimpleExample,36,Uno,era9,0.8499999999999999
ArtSimpleExample,36,Uno,era8,0.5
ArtSimpleExample,36,Uno,era7,0.35000000000000003
ArtSimpleExample,36,Uno,era6,0.7500000000000001
ArtSimpleExample,36,Uno,era5,0.95
ArtSimpleExample,36,Uno,era10,1.0
ArtSimpleExample,36,Uno,era4,0.7999999999999998
ArtSimpleExample,36,Uno,era3,0.1
ArtSimpleExample,36,Uno,era2,0.7499999999999999
ArtSimpleExample,36,Uno,era1,0.49999999999999994
ArtSimpleExample,37,Cheating,era9,0.7999999999999998
ArtSimpleExample,37,Cheating,era8,0.35
ArtSimpleExample,37,Cheating,era7,0.4
ArtSimpleExample,37,Cheating,era6,0.39999999999999997
ArtSimpleExample,37,Cheating,era5,0.5499999999999999
ArtSimpleExample,37,Cheating,era10,0.4
ArtSimpleExample,37,Cheating,era4,0.6499999999999998
ArtSimpleExample,37,Cheating,era3,1.0
ArtSimpleExample,37,Cheating,era2,0.95
ArtSimpleExample,37,Cheating,era1,1.0
ArtSimpleExample,37,Next,era9,0.7999999999999998
ArtSimpleExample,37,Next,era8,0.8499999999999999
ArtSimpleExample,37,Next,era7,0.7500000000000001
ArtSimpleExample,37,Next,era6,1.0
ArtSimpleExample,37,Next,era5,0.6499999999999997
ArtSimpleExample,37,Next,era10,0.25
ArtSimpleExample,37,Next,era4,0.5
ArtSimpleExample,37,Next,era3,0.95
ArtSimpleExample,37,Next,era2,0.3
ArtSimpleExample,37,Next,era1,0.45
ArtSimpleExample,37,FordPrefect,era9,0.25
ArtSimpleExample,37,FordPrefect,era8,0.35000000000000003
ArtSimpleExample,37,FordPrefect,era7,1.0
ArtSimpleExample,37,FordPrefect,era6,0.49999999999999994
ArtSimpleExample,37,FordPrefect,era5,0.95
ArtSimpleExample,37,FordPrefect,era10,0.6
ArtSimpleExample,37,FordPrefect,era4,0.8999999999999999
ArtSimpleExample,37,FordPrefect,era3,0.7499999999999999
ArtSimpleExample,37,FordPrefect,era2,0.30000000000000004
ArtSimpleExample,37,FordPrefect,era1,0.8999999999999999
ArtSimpleExample,37,ForTrust,era9,1.0
ArtSimpleExample,37,ForTrust,era8,0.5999999999999998
ArtSimpleExample,37,ForTrust,era7,0.2
ArtSimpleExample,37,ForTrust,era6,0.7500000000000001
ArtSimpleExample,37,ForTrust,era5,0.8999999999999999
ArtSimpleExample,37,ForTrust,era10,0.85
ArtSimpleExample,37,ForTrust,era4,0.4
ArtSimpleExample,37,ForTrust,era3,1.0
ArtSimpleExample,37,ForTrust,era2,0.6
ArtSimpleExample,37,ForTrust,era1,0.20000000000000007
ArtSimpleExample,37,Connected,era9,0.9
ArtSimpleExample,37,Connected,era8,0.8499999999999999
ArtSimpleExample,37,Connected,era7,0.8999999999999999
ArtSimpleExample,37,Connected,era6,0.95
ArtSimpleExample,37,Connected,era5,0.15000000000000002
ArtSimpleExample,37,Connected,era10,0.1
ArtSimpleExample,37,Connected,era4,0.8499999999999999
ArtSimpleExample,37,Connected,era3,0.3
ArtSimpleExample,37,Connected,era2,0.7500000000000002
ArtSimpleExample,37,Connected,era1,0.9000000000000002
ArtSimpleExample,37,Honest,era9,0.95
ArtSimpleExample,37,Honest,era8,0.8999999999999999
ArtSimpleExample,37,Honest,era7,0.35000000000000003
ArtSimpleExample,37,Honest,era6,0.7999999999999999
ArtSimpleExample,37,Honest,era5,0.2
ArtSimpleExample,37,Honest,era10,0.7000000000000001
ArtSimpleExample,37,Honest,era4,0.6499999999999998
ArtSimpleExample,37,Honest,era3,0.6000000000000001
ArtSimpleExample,37,Honest,era2,0.39999999999999997
ArtSimpleExample,37,Honest,era1,0.95
ArtSimpleExample,37,Uno,era9,0.8499999999999999
ArtSimpleExample,37,Uno,era8,0.5
ArtSimpleExample,37,Uno,era7,0.35000000000000003
ArtSimpleExample,37,Uno,era6,0.7500000000000001
ArtSimpleExample,37,Uno,era5,0.95
ArtSimpleExample,37,Uno,era10,0.95
ArtSimpleExample,37,Uno,era4,0.8499999999999999
ArtSimpleExample,37,Uno,era3,0.1
ArtSimpleExample,37,Uno,era2,0.7499999999999999
ArtSimpleExample,37,Uno,era1,0.49999999999999994
ArtSimpleExample,38,Cheating,era9,0.7999999999999998
ArtSimpleExample,38,Cheating,era8,0.35
ArtSimpleExample,38,Cheating,era7,0.45
ArtSimpleExample,38,Cheating,era6,0.39999999999999997
ArtSimpleExample,38,Cheating,era5,0.5499999999999999
ArtSimpleExample,38,Cheating,era10,0.4
ArtSimpleExample,38,Cheating,era4,0.5999999999999998
ArtSimpleExample,38,Cheating,era3,1.0
ArtSimpleExample,38,Cheating,era2,0.95
ArtSimpleExample,38,Cheating,era1,1.0
ArtSimpleExample,38,Next,era9,0.7999999999999998
ArtSimpleExample,38,Next,era8,0.8999999999999999
ArtSimpleExample,38,Next,era7,0.7000000000000001
ArtSimpleExample,38,Next,era6,1.0
ArtSimpleExample,38,Next,era5,0.6499999999999997
ArtSimpleExample,38,Next,era10,0.25
ArtSimpleExample,38,Next,era4,0.55
ArtSimpleExample,38,Next,era3,0.95
ArtSimpleExample,38,Next,era2,0.25
ArtSimpleExample,38,Next,era1,0.45
ArtSimpleExample,38,FordPrefect,era9,0.25
ArtSimpleExample,38,FordPrefect,era8,0.4
ArtSimpleExample,38,FordPrefect,era7,0.95
ArtSimpleExample,38,FordPrefect,era6,0.5499999999999999
ArtSimpleExample,38,FordPrefect,era5,0.8999999999999999
ArtSimpleExample,38,FordPrefect,era10,0.6
ArtSimpleExample,38,FordPrefect,era4,0.8999999999999999
ArtSimpleExample,38,FordPrefect,era3,0.7499999999999999
ArtSimpleExample,38,FordPrefect,era2,0.30000000000000004
ArtSimpleExample,38,FordPrefect,era1,0.8999999999999999
ArtSimpleExample,38,ForTrust,era9,0.95
ArtSimpleExample,38,ForTrust,era8,0.5999999999999998
ArtSimpleExample,38,ForTrust,era7,0.2
ArtSimpleExample,38,ForTrust,era6,0.8000000000000002
ArtSimpleExample,38,ForTrust,era5,0.8999999999999999
ArtSimpleExample,38,ForTrust,era10,0.85
ArtSimpleExample,38,ForTrust,era4,0.45
ArtSimpleExample,38,ForTrust,era3,1.0
ArtSimpleExample,38,ForTrust,era2,0.6
ArtSimpleExample,38,ForTrust,era1,0.15000000000000008
ArtSimpleExample,38,Connected,era9,0.9
ArtSimpleExample,38,Connected,era8,0.8999999999999999
ArtSimpleExample,38,Connected,era7,0.8999999999999999
ArtSimpleExample,38,Connected,era6,0.95
ArtSimpleExample,38,Connected,era5,0.10000000000000002
ArtSimpleExample,38,Connected,era10,0.1
ArtSimpleExample,38,Connected,era4,0.8499999999999999
ArtSimpleExample,38,Connected,era3,0.3
ArtSimpleExample,38,Connected,era2,0.7500000000000002
ArtSimpleExample,38,Connected,era1,0.9000000000000002
ArtSimpleExample,38,Honest,era9,0.95
ArtSimpleExample,38,Honest,era8,0.8499999999999999
ArtSimpleExample,38,Honest,era7,0.30000000000000004
ArtSimpleExample,38,Honest,era6,0.7999999999999999
ArtSimpleExample,38,Honest,era5,0.2
ArtSimpleExample,38,Honest,era10,0.7000000000000001
ArtSimpleExample,38,Honest,era4,0.6499999999999998
ArtSimpleExample,38,Honest,era3,0.6500000000000001
ArtSimpleExample,38,Honest,era2,0.39999999999999997
ArtSimpleExample,38,Honest,era1,1.0
ArtSimpleExample,38,Uno,era9,0.7999999999999998
ArtSimpleExample,38,Uno,era8,0.5
ArtSimpleExample,38,Uno,era7,0.35000000000000003
ArtSimpleExample,38,Uno,era6,0.7500000000000001
ArtSimpleExample,38,Uno,era5,1.0
ArtSimpleExample,38,Uno,era10,0.95
ArtSimpleExample,38,Uno,era4,0.8999999999999999
ArtSimpleExample,38,Uno,era3,0.1
ArtSimpleExample,38,Uno,era2,0.7499999999999999
ArtSimpleExample,38,Uno,era1,0.44999999999999996
ArtSimpleExample,39,Cheating,era9,0.7999999999999998
ArtSimpleExample,39,Cheating,era8,0.39999999999999997
ArtSimpleExample,39,Cheating,era7,0.45
ArtSimpleExample,39,Cheating,era6,0.35
ArtSimpleExample,39,Cheating,era5,0.5499999999999999
ArtSimpleExample,39,Cheating,era10,0.4
ArtSimpleExample,39,Cheating,era4,0.5999999999999998
ArtSimpleExample,39,Cheating,era3,1.0
ArtSimpleExample,39,Cheating,era2,0.95
ArtSimpleExample,39,Cheating,era1,1.0
ArtSimpleExample,39,Next,era9,0.7999999999999998
ArtSimpleExample,39,Next,era8,0.8999999999999999
ArtSimpleExample,39,Next,era7,0.7000000000000001
ArtSimpleExample,39,Next,era6,1.0
ArtSimpleExample,39,Next,era5,0.6499999999999997
ArtSimpleExample,39,Next,era10,0.2
ArtSimpleExample,39,Next,era4,0.55
ArtSimpleExample,39,Next,era3,1.0
ArtSimpleExample,39,Next,era2,0.25
ArtSimpleExample,39,Next,era1,0.45
ArtSimpleExample,39,FordPrefect,era9,0.25
ArtSimpleExample,39,FordPrefect,era8,0.30000000000000004
ArtSimpleExample,39,FordPrefect,era7,1.0
ArtSimpleExample,39,FordPrefect,era6,0.6
ArtSimpleExample,39,FordPrefect,era5,0.8999999999999999
ArtSimpleExample,39,FordPrefect,era10,0.6
ArtSimpleExample,39,FordPrefect,era4,0.8999999999999999
ArtSimpleExample,39,FordPrefect,era3,0.7499999999999999
ArtSimpleExample,39,FordPrefect,era2,0.30000000000000004
ArtSimpleExample,39,FordPrefect,era1,0.8999999999999999
ArtSimpleExample,39,ForTrust,era9,0.95
ArtSimpleExample,39,ForTrust,era8,0.5999999999999998
ArtSimpleExample,39,ForTrust,era7,0.2
ArtSimpleExample,39,ForTrust,era6,0.8500000000000002
ArtSimpleExample,39,ForTrust,era5,0.8499999999999999
ArtSimpleExample,39,ForTrust,era10,0.85
ArtSimpleExample,39,ForTrust,era4,0.5
ArtSimpleExample,39,ForTrust,era3,1.0
ArtSimpleExample,39,ForTrust,era2,0.6
ArtSimpleExample,39,ForTrust,era1,0.10000000000000007
ArtSimpleExample,39,Connected,era9,0.9
ArtSimpleExample,39,Connected,era8,0.8499999999999999
ArtSimpleExample,39,Connected,era7,0.8999999999999999
ArtSimpleExample,39,Connected,era6,0.95
ArtSimpleExample,39,Connected,era5,0.05000000000000002
ArtSimpleExample,39,Connected,era10,0.1
ArtSimpleExample,39,Connected,era4,0.8499999999999999
ArtSimpleExample,39,Connected,era3,0.39999999999999997
ArtSimpleExample,39,Connected,era2,0.7500000000000002
ArtSimpleExample,39,Connected,era1,0.9000000000000002
ArtSimpleExample,39,Honest,era9,0.95
ArtSimpleExample,39,Honest,era8,0.8499999999999999
ArtSimpleExample,39,Honest,era7,0.30000000000000004
ArtSimpleExample,39,Honest,era6,0.85
ArtSimpleExample,39,Honest,era5,0.25
ArtSimpleExample,39,Honest,era10,0.65
ArtSimpleExample,39,Honest,era4,0.6499999999999998
ArtSimpleExample,39,Honest,era3,0.6000000000000001
ArtSimpleExample,39,Honest,era2,0.39999999999999997
ArtSimpleExample,39,Honest,era1,1.0
ArtSimpleExample,39,Uno,era9,0.8499999999999999
ArtSimpleExample,39,Uno,era8,0.5
ArtSimpleExample,39,Uno,era7,0.30000000000000004
ArtSimpleExample,39,Uno,era6,0.7500000000000001
ArtSimpleExample,39,Uno,era5,1.0
ArtSimpleExample,39,Uno,era10,0.95
ArtSimpleExample,39,Uno,era4,0.8999999999999999
ArtSimpleExample,39,Uno,era3,0.1
ArtSimpleExample,39,Uno,era2,0.7499999999999999
ArtSimpleExample,39,Uno,era1,0.44999999999999996
ArtSimpleExample,40,Cheating,era9,0.7499999999999998
ArtSimpleExample,40,Cheating,era8,0.39999999999999997
ArtSimpleExample,40,Cheating,era7,0.45
ArtSimpleExample,40,Cheating,era6,0.35
ArtSimpleExample,40,Cheating,era5,0.6
ArtSimpleExample,40,Cheating,era10,0.45
ArtSimpleExample,40,Cheating,era4,0.5499999999999997
ArtSimpleExample,40,Cheating,era3,1.0
ArtSimpleExample,40,Cheating,era2,0.95
ArtSimpleExample,40,Cheating,era1,1.0
ArtSimpleExample,40,Next,era9,0.7999999999999998
ArtSimpleExample,40,Next,era8,0.8499999999999999
ArtSimpleExample,40,Next,era7,0.65
ArtSimpleExample,40,Next,era6,1.0
ArtSimpleExample,40,Next,era5,0.6499999999999997
ArtSimpleExample,40,Next,era10,0.2
ArtSimpleExample,40,Next,era4,0.55
ArtSimpleExample,40,Next,era3,1.0
ArtSimpleExample,40,Next,era2,0.3
ArtSimpleExample,40,Next,era1,0.5
ArtSimpleExample,40,FordPrefect,era9,0.25
ArtSimpleExample,40,FordPrefect,era8,0.30000000000000004
ArtSimpleExample,40,FordPrefect,era7,1.0
ArtSimpleExample,40,FordPrefect,era6,0.6
ArtSimpleExample,40,FordPrefect,era5,0.8999999999999999
ArtSimpleExample,40,FordPrefect,era10,0.65
ArtSimpleExample,40,FordPrefect,era4,0.8499999999999999
ArtSimpleExample,40,FordPrefect,era3,0.7499999999999999
ArtSimpleExample,40,FordPrefect,era2,0.30000000000000004
ArtSimpleExample,40,FordPrefect,era1,0.8999999999999999
ArtSimpleExample,40,ForTrust,era9,0.95
ArtSimpleExample,40,ForTrust,era8,0.5499999999999997
ArtSimpleExample,40,ForTrust,era7,0.2
ArtSimpleExample,40,ForTrust,era6,0.8500000000000002
ArtSimpleExample,40,ForTrust,era5,0.8499999999999999
ArtSimpleExample,40,ForTrust,era10,0.85
ArtSimpleExample,40,ForTrust,era4,0.5
ArtSimpleExample,40,ForTrust,era3,1.0
ArtSimpleExample,40,ForTrust,era2,0.65
ArtSimpleExample,40,ForTrust,era1,0.10000000000000007
ArtSimpleExample,40,Connected,era9,0.9500000000000001
ArtSimpleExample,40,Connected,era8,0.8499999999999999
ArtSimpleExample,40,Connected,era7,0.8499999999999999
ArtSimpleExample,40,Connected,era6,0.95
ArtSimpleExample,40,Connected,era5,0.05000000000000002
ArtSimpleExample,40,Connected,era10,0.1
ArtSimpleExample,40,Connected,era4,0.8499999999999999
ArtSimpleExample,40,Connected,era3,0.39999999999999997
ArtSimpleExample,40,Connected,era2,0.7500000000000002
ArtSimpleExample,40,Connected,era1,0.9000000000000002
ArtSimpleExample,40,Honest,era9,1.0
ArtSimpleExample,40,Honest,era8,0.8499999999999999
ArtSimpleExample,40,Honest,era7,0.25000000000000006
ArtSimpleExample,40,Honest,era6,0.85
ArtSimpleExample,40,Honest,era5,0.25
ArtSimpleExample,40,Honest,era10,0.65
ArtSimpleExample,40,Honest,era4,0.6499999999999998
ArtSimpleExample,40,Honest,era3,0.6000000000000001
ArtSimpleExample,40,Honest,era2,0.39999999999999997
ArtSimpleExample,40,Honest,era1,1.0
ArtSimpleExample,40,Uno,era9,0.8999999999999999
ArtSimpleExample,40,Uno,era8,0.45
ArtSimpleExample,40,Uno,era7,0.30000000000000004
ArtSimpleExample,40,Uno,era6,0.7000000000000001
ArtSimpleExample,40,Uno,era5,1.0
ArtSimpleExample,40,Uno,era10,0.95
ArtSimpleExample,40,Uno,era4,0.8999999999999999
ArtSimpleExample,40,Uno,era3,0.1
ArtSimpleExample,40,Uno,era2,0.7499999999999999
ArtSimpleExample,40,Uno,era1,0.49999999999999994
ArtSimpleExample,41,Cheating,era9,0.7499999999999998
ArtSimpleExample,41,Cheating,era8,0.39999999999999997
ArtSimpleExample,41,Cheating,era7,0.5
ArtSimpleExample,41,Cheating,era6,0.35
ArtSimpleExample,41,Cheating,era5,0.6
ArtSimpleExample,41,Cheating,era10,0.45
ArtSimpleExample,41,Cheating,era4,0.5499999999999997
ArtSimpleExample,41,Cheating,era3,1.0
ArtSimpleExample,41,Cheating,era2,0.8999999999999999
ArtSimpleExample,41,Cheating,era1,1.0
ArtSimpleExample,41,Next,era9,0.7999999999999998
ArtSimpleExample,41,Next,era8,0.8499999999999999
ArtSimpleExample,41,Next,era7,0.65
ArtSimpleExample,41,Next,era6,1.0
ArtSimpleExample,41,Next,era5,0.6499999999999997
ArtSimpleExample,41,Next,era10,0.2
ArtSimpleExample,41,Next,era4,0.5
ArtSimpleExample,41,Next,era3,1.0
ArtSimpleExample,41,Next,era2,0.35
ArtSimpleExample,41,Next,era1,0.5
ArtSimpleExample,41,FordPrefect,era9,0.25
ArtSimpleExample,41,FordPrefect,era8,0.30000000000000004
ArtSimpleExample,41,FordPrefect,era7,1.0
ArtSimpleExample,41,FordPrefect,era6,0.5499999999999999
ArtSimpleExample,41,FordPrefect,era5,0.95
ArtSimpleExample,41,FordPrefect,era10,0.65
ArtSimpleExample,41,FordPrefect,era4,0.8499999999999999
ArtSimpleExample,41,FordPrefect,era3,0.7499999999999999
ArtSimpleExample,41,FordPrefect,era2,0.30000000000000004
ArtSimpleExample,41,FordPrefect,era1,0.8999999999999999
ArtSimpleExample,41,ForTrust,era9,0.95
ArtSimpleExample,41,ForTrust,era8,0.5499999999999997
ArtSimpleExample,41,ForTrust,era7,0.25
ArtSimpleExample,41,ForTrust,era6,0.8500000000000002
ArtSimpleExample,41,ForTrust,era5,0.8499999999999999
ArtSimpleExample,41,ForTrust,era10,0.7999999999999999
ArtSimpleExample,41,ForTrust,era4,0.5
ArtSimpleExample,41,ForTrust,era3,1.0
ArtSimpleExample,41,ForTrust,era2,0.65
ArtSimpleExample,41,ForTrust,era1,0.10000000000000007
ArtSimpleExample,41,Connected,era9,0.9500000000000001
ArtSimpleExample,41,Connected,era8,0.7999999999999998
ArtSimpleExample,41,Connected,era7,0.8499999999999999
ArtSimpleExample,41,Connected,era6,0.95
ArtSimpleExample,41,Connected,era5,0.05000000000000002
ArtSimpleExample,41,Connected,era10,0.05
ArtSimpleExample,41,Connected,era4,0.8999999999999999
ArtSimpleExample,41,Connected,era3,0.39999999999999997
ArtSimpleExample,41,Connected,era2,0.8000000000000003
ArtSimpleExample,41,Connected,era1,0.9000000000000002
ArtSimpleExample,41,Honest,era9,1.0
ArtSimpleExample,41,Honest,era8,0.8499999999999999
ArtSimpleExample,41,Honest,era7,0.25000000000000006
ArtSimpleExample,41,Honest,era6,0.85
ArtSimpleExample,41,Honest,era5,0.25
ArtSimpleExample,41,Honest,era10,0.65
ArtSimpleExample,41,Honest,era4,0.6499999999999998
ArtSimpleExample,41,Honest,era3,0.6000000000000001
ArtSimpleExample,41,Honest,era2,0.39999999999999997
ArtSimpleExample,41,Honest,era1,1.0
ArtSimpleExample,41,Uno,era9,0.8999999999999999
ArtSimpleExample,41,Uno,era8,0.5
ArtSimpleExample,41,Uno,era7,0.30000000000000004
ArtSimpleExample,41,Uno,era6,0.65
ArtSimpleExample,41,Uno,era5,1.0
ArtSimpleExample,41,Uno,era10,0.95
ArtSimpleExample,41,Uno,era4,0.8999999999999999
ArtSimpleExample,41,Uno,era3,0.1
ArtSimpleExample,41,Uno,era2,0.7499999999999999
ArtSimpleExample,41,Uno,era1,0.49999999999999994
ArtSimpleExample,42,Cheating,era9,0.7499999999999998
ArtSimpleExample,42,Cheating,era8,0.49999999999999994
ArtSimpleExample,42,Cheating,era7,0.5
ArtSimpleExample,42,Cheating,era6,0.35
ArtSimpleExample,42,Cheating,era5,0.6
ArtSimpleExample,42,Cheating,era10,0.45
ArtSimpleExample,42,Cheating,era4,0.4999999999999997
ArtSimpleExample,42,Cheating,era3,0.95
ArtSimpleExample,42,Cheating,era2,0.8999999999999999
ArtSimpleExample,42,Cheating,era1,1.0
ArtSimpleExample,42,Next,era9,0.7999999999999998
ArtSimpleExample,42,Next,era8,0.8999999999999999
ArtSimpleExample,42,Next,era7,0.7000000000000001
ArtSimpleExample,42,Next,era6,0.95
ArtSimpleExample,42,Next,era5,0.5999999999999996
ArtSimpleExample,42,Next,era10,0.2
ArtSimpleExample,42,Next,era4,0.5
ArtSimpleExample,42,Next,era3,1.0
ArtSimpleExample,42,Next,era2,0.35
ArtSimpleExample,42,Next,era1,0.5
ArtSimpleExample,42,FordPrefect,era9,0.2
ArtSimpleExample,42,FordPrefect,era8,0.30000000000000004
ArtSimpleExample,42,FordPrefect,era7,1.0
ArtSimpleExample,42,FordPrefect,era6,0.6
ArtSimpleExample,42,FordPrefect,era5,0.95
ArtSimpleExample,42,FordPrefect,era10,0.65
ArtSimpleExample,42,FordPrefect,era4,0.8499999999999999
ArtSimpleExample,42,FordPrefect,era3,0.7999999999999999
ArtSimpleExample,42,FordPrefect,era2,0.25000000000000006
ArtSimpleExample,42,FordPrefect,era1,0.8999999999999999
ArtSimpleExample,42,ForTrust,era9,0.8999999999999999
ArtSimpleExample,42,ForTrust,era8,0.5499999999999997
ArtSimpleExample,42,ForTrust,era7,0.25
ArtSimpleExample,42,ForTrust,era6,0.8500000000000002
ArtSimpleExample,42,ForTrust,era5,0.8999999999999999
ArtSimpleExample,42,ForTrust,era10,0.7999999999999999
ArtSimpleExample,42,ForTrust,era4,0.5
ArtSimpleExample,42,ForTrust,era3,1.0
ArtSimpleExample,42,ForTrust,era2,0.65
ArtSimpleExample,42,ForTrust,era1,0.10000000000000007
ArtSimpleExample,42,Connected,era9,1.0
ArtSimpleExample,42,Connected,era8,0.7999999999999998
ArtSimpleExample,42,Connected,era7,0.8499999999999999
ArtSimpleExample,42,Connected,era6,0.95
ArtSimpleExample,42,Connected,era5,0.05000000000000002
ArtSimpleExample,42,Connected,era10,0.05
ArtSimpleExample,42,Connected,era4,0.8999999999999999
ArtSimpleExample,42,Connected,era3,0.39999999999999997
ArtSimpleExample,42,Connected,era2,0.8000000000000003
ArtSimpleExample,42,Connected,era1,0.8500000000000002
ArtSimpleExample,42,Honest,era9,1.0
ArtSimpleExample,42,Honest,era8,0.8499999999999999
ArtSimpleExample,42,Honest,era7,0.25000000000000006
ArtSimpleExample,42,Honest,era6,0.85
ArtSimpleExample,42,Honest,era5,0.35
ArtSimpleExample,42,Honest,era10,0.65
ArtSimpleExample,42,Honest,era4,0.6499999999999998
ArtSimpleExample,42,Honest,era3,0.55
ArtSimpleExample,42,Honest,era2,0.39999999999999997
ArtSimpleExample,42,Honest,era1,0.95
ArtSimpleExample,42,Uno,era9,0.8999999999999999
ArtSimpleExample,42,Uno,era8,0.5
ArtSimpleExample,42,Uno,era7,0.25000000000000006
ArtSimpleExample,42,Uno,era6,0.65
ArtSimpleExample,42,Uno,era5,1.0
ArtSimpleExample,42,Uno,era10,1.0
ArtSimpleExample,42,Uno,era4,0.95
ArtSimpleExample,42,Uno,era3,0.1
ArtSimpleExample,42,Uno,era2,0.6999999999999998
ArtSimpleExample,42,Uno,era1,0.49999999999999994
ArtSimpleExample,43,Cheating,era9,0.7999999999999998
ArtSimpleExample,43,Cheating,era8,0.49999999999999994
ArtSimpleExample,43,Cheating,era7,0.45
ArtSimpleExample,43,Cheating,era6,0.39999999999999997
ArtSimpleExample,43,Cheating,era5,0.6
ArtSimpleExample,43,Cheating,era10,0.45
ArtSimpleExample,43,Cheating,era4,0.44999999999999973
ArtSimpleExample,43,Cheating,era3,0.95
ArtSimpleExample,43,Cheating,era2,0.8999999999999999
ArtSimpleExample,43,Cheating,era1,1.0
ArtSimpleExample,43,Next,era9,0.7999999999999998
ArtSimpleExample,43,Next,era8,0.95
ArtSimpleExample,43,Next,era7,0.7000000000000001
ArtSimpleExample,43,Next,era6,0.95
ArtSimpleExample,43,Next,era5,0.5999999999999996
ArtSimpleExample,43,Next,era10,0.2
ArtSimpleExample,43,Next,era4,0.5
ArtSimpleExample,43,Next,era3,1.0
ArtSimpleExample,43,Next,era2,0.3
ArtSimpleExample,43,Next,era1,0.5
ArtSimpleExample,43,FordPrefect,era9,0.15000000000000002
ArtSimpleExample,43,FordPrefect,era8,0.30000000000000004
ArtSimpleExample,43,FordPrefect,era7,1.0
ArtSimpleExample,43,FordPrefect,era6,0.6
ArtSimpleExample,43,FordPrefect,era5,0.95
ArtSimpleExample,43,FordPrefect,era10,0.7000000000000001
ArtSimpleExample,43,FordPrefect,era4,0.8499999999999999
ArtSimpleExample,43,FordPrefect,era3,0.7999999999999999
ArtSimpleExample,43,FordPrefect,era2,0.25000000000000006
ArtSimpleExample,43,FordPrefect,era1,0.8999999999999999
ArtSimpleExample,43,ForTrust,era9,0.8999999999999999
ArtSimpleExample,43,ForTrust,era8,0.5499999999999997
ArtSimpleExample,43,ForTrust,era7,0.3
ArtSimpleExample,43,ForTrust,era6,0.8500000000000002
ArtSimpleExample,43,ForTrust,era5,0.8999999999999999
ArtSimpleExample,43,ForTrust,era10,0.7499999999999999
ArtSimpleExample,43,ForTrust,era4,0.5
ArtSimpleExample,43,ForTrust,era3,1.0
ArtSimpleExample,43,ForTrust,era2,0.65
ArtSimpleExample,43,ForTrust,era1,0.10000000000000007
ArtSimpleExample,43,Connected,era9,1.0
ArtSimpleExample,43,Connected,era8,0.7999999999999998
ArtSimpleExample,43,Connected,era7,0.8999999999999999
ArtSimpleExample,43,Connected,era6,1.0
ArtSimpleExample,43,Connected,era5,0.05000000000000002
ArtSimpleExample,43,Connected,era10,0.05
ArtSimpleExample,43,Connected,era4,0.8499999999999999
ArtSimpleExample,43,Connected,era3,0.39999999999999997
ArtSimpleExample,43,Connected,era2,0.7500000000000002
ArtSimpleExample,43,Connected,era1,0.8500000000000002
ArtSimpleExample,43,Honest,era9,1.0
ArtSimpleExample,43,Honest,era8,0.7999999999999998
ArtSimpleExample,43,Honest,era7,0.30000000000000004
ArtSimpleExample,43,Honest,era6,0.7999999999999999
ArtSimpleExample,43,Honest,era5,0.35
ArtSimpleExample,43,Honest,era10,0.7000000000000001
ArtSimpleExample,43,Honest,era4,0.6499999999999998
ArtSimpleExample,43,Honest,era3,0.55
ArtSimpleExample,43,Honest,era2,0.39999999999999997
ArtSimpleExample,43,Honest,era1,0.95
ArtSimpleExample,43,Uno,era9,0.8999999999999999
ArtSimpleExample,43,Uno,era8,0.55
ArtSimpleExample,43,Uno,era7,0.25000000000000006
ArtSimpleExample,43,Uno,era6,0.65
ArtSimpleExample,43,Uno,era5,0.95
ArtSimpleExample,43,Uno,era10,1.0
ArtSimpleExample,43,Uno,era4,0.95
ArtSimpleExample,43,Uno,era3,0.1
ArtSimpleExample,43,Uno,era2,0.6499999999999998
ArtSimpleExample,43,Uno,era1,0.5499999999999999
ArtSimpleExample,44,Cheating,era9,0.8499999999999999
ArtSimpleExample,44,Cheating,era8,0.44999999999999996
ArtSimpleExample,44,Cheating,era7,0.45
ArtSimpleExample,44,Cheating,era6,0.39999999999999997
ArtSimpleExample,44,Cheating,era5,0.6
ArtSimpleExample,44,Cheating,era10,0.45
ArtSimpleExample,44,Cheating,era4,0.44999999999999973
ArtSimpleExample,44,Cheating,era3,0.95
ArtSimpleExample,44,Cheating,era2,0.8999999999999999
ArtSimpleExample,44,Cheating,era1,1.0
ArtSimpleExample,44,Next,era9,0.7499999999999998
ArtSimpleExample,44,Next,era8,1.0
ArtSimpleExample,44,Next,era7,0.7000000000000001
ArtSimpleExample,44,Next,era6,0.95
ArtSimpleExample,44,Next,era5,0.5999999999999996
ArtSimpleExample,44,Next,era10,0.2
ArtSimpleExample,44,Next,era4,0.55
ArtSimpleExample,44,Next,era3,1.0
ArtSimpleExample,44,Next,era2,0.25
ArtSimpleExample,44,Next,era1,0.5
ArtSimpleExample,44,FordPrefect,era9,0.15000000000000002
ArtSimpleExample,44,FordPrefect,era8,0.25000000000000006
ArtSimpleExample,44,FordPrefect,era7,1.0
ArtSimpleExample,44,FordPrefect,era6,0.6
ArtSimpleExample,44,FordPrefect,era5,0.8999999999999999
ArtSimpleExample,44,FordPrefect,era10,0.7000000000000001
ArtSimpleExample,44,FordPrefect,era4,0.8499999999999999
ArtSimpleExample,44,FordPrefect,era3,0.7999999999999999
ArtSimpleExample,44,FordPrefect,era2,0.25000000000000006
ArtSimpleExample,44,FordPrefect,era1,1.0
ArtSimpleExample,44,ForTrust,era9,0.8999999999999999
ArtSimpleExample,44,ForTrust,era8,0.4999999999999997
ArtSimpleExample,44,ForTrust,era7,0.3
ArtSimpleExample,44,ForTrust,era6,0.8500000000000002
ArtSimpleExample,44,ForTrust,era5,0.8999999999999999
ArtSimpleExample,44,ForTrust,era10,0.7499999999999999
ArtSimpleExample,44,ForTrust,era4,0.5
ArtSimpleExample,44,ForTrust,era3,0.95
ArtSimpleExample,44,ForTrust,era2,0.65
ArtSimpleExample,44,ForTrust,era1,0.20000000000000007
ArtSimpleExample,44,Connected,era9,1.0
ArtSimpleExample,44,Connected,era8,0.8499999999999999
ArtSimpleExample,44,Connected,era7,0.8499999999999999
ArtSimpleExample,44,Connected,era6,1.0
ArtSimpleExample,44,Connected,era5,0.05000000000000002
ArtSimpleExample,44,Connected,era10,0.05
ArtSimpleExample,44,Connected,era4,0.8499999999999999
ArtSimpleExample,44,Connected,era3,0.39999999999999997
ArtSimpleExample,44,Connected,era2,0.8000000000000003
ArtSimpleExample,44,Connected,era1,0.8000000000000002
ArtSimpleExample,44,Honest,era9,1.0
ArtSimpleExample,44,Honest,era8,0.7999999999999998
ArtSimpleExample,44,Honest,era7,0.30000000000000004
ArtSimpleExample,44,Honest,era6,0.85
ArtSimpleExample,44,Honest,era5,0.3
ArtSimpleExample,44,Honest,era10,0.7500000000000001
ArtSimpleExample,44,Honest,era4,0.6499999999999998
ArtSimpleExample,44,Honest,era3,0.55
ArtSimpleExample,44,Honest,era2,0.35
ArtSimpleExample,44,Honest,era1,0.95
ArtSimpleExample,44,Uno,era9,0.8999999999999999
ArtSimpleExample,44,Uno,era8,0.5
ArtSimpleExample,44,Uno,era7,0.30000000000000004
ArtSimpleExample,44,Uno,era6,0.7000000000000001
ArtSimpleExample,44,Uno,era5,0.95
ArtSimpleExample,44,Uno,era10,1.0
ArtSimpleExample,44,Uno,era4,0.95
ArtSimpleExample,44,Uno,era3,0.1
ArtSimpleExample,44,Uno,era2,0.6499999999999998
ArtSimpleExample,44,Uno,era1,0.49999999999999994
ArtSimpleExample,45,Cheating,era9,0.8999999999999999
ArtSimpleExample,45,Cheating,era8,0.39999999999999997
ArtSimpleExample,45,Cheating,era7,0.45
ArtSimpleExample,45,Cheating,era6,0.44999999999999996
ArtSimpleExample,45,Cheating,era5,0.5499999999999999
ArtSimpleExample,45,Cheating,era10,0.45
ArtSimpleExample,45,Cheating,era4,0.44999999999999973
ArtSimpleExample,45,Cheating,era3,0.95
ArtSimpleExample,45,Cheating,era2,0.8999999999999999
ArtSimpleExample,45,Cheating,era1,1.0
ArtSimpleExample,45,Next,era9,0.7499999999999998
ArtSimpleExample,45,Next,era8,1.0
ArtSimpleExample,45,Next,era7,0.7000000000000001
ArtSimpleExample,45,Next,era6,0.95
ArtSimpleExample,45,Next,era5,0.6499999999999997
ArtSimpleExample,45,Next,era10,0.2
ArtSimpleExample,45,Next,era4,0.5
ArtSimpleExample,45,Next,era3,1.0
ArtSimpleExample,45,Next,era2,0.25
ArtSimpleExample,45,Next,era1,0.5
ArtSimpleExample,45,FordPrefect,era9,0.15000000000000002
ArtSimpleExample,45,FordPrefect,era8,0.30000000000000004
ArtSimpleExample,45,FordPrefect,era7,1.0
ArtSimpleExample,45,FordPrefect,era6,0.6
ArtSimpleExample,45,FordPrefect,era5,0.8999999999999999
ArtSimpleExample,45,FordPrefect,era10,0.7000000000000001
ArtSimpleExample,45,FordPrefect,era4,0.8499999999999999
ArtSimpleExample,45,FordPrefect,era3,0.7999999999999999
ArtSimpleExample,45,FordPrefect,era2,0.20000000000000007
ArtSimpleExample,45,FordPrefect,era1,1.0
ArtSimpleExample,45,ForTrust,era9,0.8499999999999999
ArtSimpleExample,45,ForTrust,era8,0.4999999999999997
ArtSimpleExample,45,ForTrust,era7,0.3
ArtSimpleExample,45,ForTrust,era6,0.8500000000000002
ArtSimpleExample,45,ForTrust,era5,0.95
ArtSimpleExample,45,ForTrust,era10,0.7499999999999999
ArtSimpleExample,45,ForTrust,era4,0.5
ArtSimpleExample,45,ForTrust,era3,0.95
ArtSimpleExample,45,ForTrust,era2,0.65
ArtSimpleExample,45,ForTrust,era1,0.20000000000000007
ArtSimpleExample,45,Connected,era9,1.0
ArtSimpleExample,45,Connected,era8,0.8499999999999999
ArtSimpleExample,45,Connected,era7,0.8499999999999999
ArtSimpleExample,45,Connected,era6,1.0
ArtSimpleExample,45,Connected,era5,0.05000000000000002
ArtSimpleExample,45,Connected,era10,0.05
ArtSimpleExample,45,Connected,era4,0.8499999999999999
ArtSimpleExample,45,Connected,era3,0.49999999999999994
ArtSimpleExample,45,Connected,era2,0.7500000000000002
ArtSimpleExample,45,Connected,era1,0.7500000000000001
ArtSimpleExample,45,Honest,era9,1.0
ArtSimpleExample,45,Honest,era8,0.7999999999999998
ArtSimpleExample,45,Honest,era7,0.30000000000000004
ArtSimpleExample,45,Honest,era6,0.85
ArtSimpleExample,45,Honest,era5,0.25
ArtSimpleExample,45,Honest,era10,0.7500000000000001
ArtSimpleExample,45,Honest,era4,0.5999999999999998
ArtSimpleExample,45,Honest,era3,0.6000000000000001
ArtSimpleExample,45,Honest,era2,0.39999999999999997
ArtSimpleExample,45,Honest,era1,0.95
ArtSimpleExample,45,Uno,era9,0.8999999999999999
ArtSimpleExample,45,Uno,era8,0.5
ArtSimpleExample,45,Uno,era7,0.35000000000000003
ArtSimpleExample,45,Uno,era6,0.7000000000000001
ArtSimpleExample,45,Uno,era5,0.95
ArtSimpleExample,45,Uno,era10,0.95
ArtSimpleExample,45,Uno,era4,1.0
ArtSimpleExample,45,Uno,era3,0.1
ArtSimpleExample,45,Uno,era2,0.6499999999999998
ArtSimpleExample,45,Uno,era1,0.44999999999999996
ArtSimpleExample,46,Cheating,era9,0.8999999999999999
ArtSimpleExample,46,Cheating,era8,0.39999999999999997
ArtSimpleExample,46,Cheating,era7,0.45
ArtSimpleExample,46,Cheating,era6,0.44999999999999996
ArtSimpleExample,46,Cheating,era5,0.5499999999999999
ArtSimpleExample,46,Cheating,era10,0.45
ArtSimpleExample,46,Cheating,era4,0.44999999999999973
ArtSimpleExample,46,Cheating,era3,1.0
ArtSimpleExample,46,Cheating,era2,0.8999999999999999
ArtSimpleExample,46,Cheating,era1,0.95
ArtSimpleExample,46,Next,era9,0.7499999999999998
ArtSimpleExample,46,Next,era8,1.0
ArtSimpleExample,46,Next,era7,0.7000000000000001
ArtSimpleExample,46,Next,era6,0.95
ArtSimpleExample,46,Next,era5,0.6499999999999997
ArtSimpleExample,46,Next,era10,0.15000000000000002
ArtSimpleExample,46,Next,era4,0.5
ArtSimpleExample,46,Next,era3,1.0
ArtSimpleExample,46,Next,era2,0.35
ArtSimpleExample,46,Next,era1,0.45
ArtSimpleExample,46,FordPrefect,era9,0.15000000000000002
ArtSimpleExample,46,FordPrefect,era8,0.30000000000000004
ArtSimpleExample,46,FordPrefect,era7,1.0
ArtSimpleExample,46,FordPrefect,era6,0.7000000000000001
ArtSimpleExample,46,FordPrefect,era5,0.8999999999999999
ArtSimpleExample,46,FordPrefect,era10,0.7000000000000001
ArtSimpleExample,46,FordPrefect,era4,0.7999999999999998
ArtSimpleExample,46,FordPrefect,era3,0.7499999999999999
ArtSimpleExample,46,FordPrefect,era2,0.20000000000000007
ArtSimpleExample,46,FordPrefect,era1,1.0
ArtSimpleExample,46,ForTrust,era9,0.8999999999999999
ArtSimpleExample,46,ForTrust,era8,0.4999999999999997
ArtSimpleExample,46,ForTrust,era7,0.25
ArtSimpleExample,46,ForTrust,era6,0.9000000000000002
ArtSimpleExample,46,ForTrust,era5,0.8999999999999999
ArtSimpleExample,46,ForTrust,era10,0.7499999999999999
ArtSimpleExample,46,ForTrust,era4,0.5
ArtSimpleExample,46,ForTrust,era3,0.95
ArtSimpleExample,46,ForTrust,era2,0.65
ArtSimpleExample,46,ForTrust,era1,0.20000000000000007
ArtSimpleExample,46,Connected,era9,1.0
ArtSimpleExample,46,Connected,era8,0.8499999999999999
ArtSimpleExample,46,Connected,era7,0.7999999999999998
ArtSimpleExample,46,Connected,era6,1.0
ArtSimpleExample,46,Connected,era5,0.15000000000000002
ArtSimpleExample,46,Connected,era10,0.05
ArtSimpleExample,46,Connected,era4,0.7999999999999998
ArtSimpleExample,46,Connected,era3,0.49999999999999994
ArtSimpleExample,46,Connected,era2,0.7500000000000002
ArtSimpleExample,46,Connected,era1,0.7500000000000001
ArtSimpleExample,46,Honest,era9,0.95
ArtSimpleExample,46,Honest,era8,0.7999999999999998
ArtSimpleExample,46,Honest,era7,0.35000000000000003
ArtSimpleExample,46,Honest,era6,0.85
ArtSimpleExample,46,Honest,era5,0.25
ArtSimpleExample,46,Honest,era10,0.7000000000000001
ArtSimpleExample,46,Honest,era4,0.5999999999999998
ArtSimpleExample,46,Honest,era3,0.6000000000000001
ArtSimpleExample,46,Honest,era2,0.39999999999999997
ArtSimpleExample,46,Honest,era1,1.0
ArtSimpleExample,46,Uno,era9,0.8499999999999999
ArtSimpleExample,46,Uno,era8,0.5
ArtSimpleExample,46,Uno,era7,0.35000000000000003
ArtSimpleExample,46,Uno,era6,0.7000000000000001
ArtSimpleExample,46,Uno,era5,0.95
ArtSimpleExample,46,Uno,era10,0.95
ArtSimpleExample,46,Uno,era4,1.0
ArtSimpleExample,46,Uno,era3,0.15000000000000002
ArtSimpleExample,46,Uno,era2,0.6499999999999998
ArtSimpleExample,46,Uno,era1,0.44999999999999996
ArtSimpleExample,47,Cheating,era9,0.8999999999999999
ArtSimpleExample,47,Cheating,era8,0.35
ArtSimpleExample,47,Cheating,era7,0.45
ArtSimpleExample,47,Cheating,era6,0.44999999999999996
ArtSimpleExample,47,Cheating,era5,0.5499999999999999
ArtSimpleExample,47,Cheating,era10,0.45
ArtSimpleExample,47,Cheating,era4,0.4999999999999997
ArtSimpleExample,47,Cheating,era3,1.0
ArtSimpleExample,47,Cheating,era2,0.8999999999999999
ArtSimpleExample,47,Cheating,era1,0.95
ArtSimpleExample,47,Next,era9,0.7499999999999998
ArtSimpleExample,47,Next,era8,1.0
ArtSimpleExample,47,Next,era7,0.7000000000000001
ArtSimpleExample,47,Next,era6,0.8999999999999999
ArtSimpleExample,47,Next,era5,0.6499999999999997
ArtSimpleExample,47,Next,era10,0.2
ArtSimpleExample,47,Next,era4,0.55
ArtSimpleExample,47,Next,era3,0.95
ArtSimpleExample,47,Next,era2,0.35
ArtSimpleExample,47,Next,era1,0.45
ArtSimpleExample,47,FordPrefect,era9,0.05000000000000002
ArtSimpleExample,47,FordPrefect,era8,0.35000000000000003
ArtSimpleExample,47,FordPrefect,era7,1.0
ArtSimpleExample,47,FordPrefect,era6,0.7000000000000001
ArtSimpleExample,47,FordPrefect,era5,0.8999999999999999
ArtSimpleExample,47,FordPrefect,era10,0.7000000000000001
ArtSimpleExample,47,FordPrefect,era4,0.8499999999999999
ArtSimpleExample,47,FordPrefect,era3,0.7499999999999999
ArtSimpleExample,47,FordPrefect,era2,0.20000000000000007
ArtSimpleExample,47,FordPrefect,era1,1.0
ArtSimpleExample,47,ForTrust,era9,0.8999999999999999
ArtSimpleExample,47,ForTrust,era8,0.44999999999999973
ArtSimpleExample,47,ForTrust,era7,0.25
ArtSimpleExample,47,ForTrust,era6,0.9000000000000002
ArtSimpleExample,47,ForTrust,era5,0.95
ArtSimpleExample,47,ForTrust,era10,0.7499999999999999
ArtSimpleExample,47,ForTrust,era4,0.5
ArtSimpleExample,47,ForTrust,era3,1.0
ArtSimpleExample,47,ForTrust,era2,0.6
ArtSimpleExample,47,ForTrust,era1,0.20000000000000007
ArtSimpleExample,47,Connected,era9,1.0
ArtSimpleExample,47,Connected,era8,0.7999999999999998
ArtSimpleExample,47,Connected,era7,0.7999999999999998
ArtSimpleExample,47,Connected,era6,0.95
ArtSimpleExample,47,Connected,era5,0.15000000000000002
ArtSimpleExample,47,Connected,era10,0.05
ArtSimpleExample,47,Connected,era4,0.7999999999999998
ArtSimpleExample,47,Connected,era3,0.5499999999999999
ArtSimpleExample,47,Connected,era2,0.8000000000000003
ArtSimpleExample,47,Connected,era1,0.7500000000000001
ArtSimpleExample,47,Honest,era9,0.95
ArtSimpleExample,47,Honest,era8,0.7999999999999998
ArtSimpleExample,47,Honest,era7,0.30000000000000004
ArtSimpleExample,47,Honest,era6,0.9
ArtSimpleExample,47,Honest,era5,0.2
ArtSimpleExample,47,Honest,era10,0.7500000000000001
ArtSimpleExample,47,Honest,era4,0.5999999999999998
ArtSimpleExample,47,Honest,era3,0.6000000000000001
ArtSimpleExample,47,Honest,era2,0.39999999999999997
ArtSimpleExample,47,Honest,era1,1.0
ArtSimpleExample,47,Uno,era9,0.8999999999999999
ArtSimpleExample,47,Uno,era8,0.55
ArtSimpleExample,47,Uno,era7,0.35000000000000003
ArtSimpleExample,47,Uno,era6,0.65
ArtSimpleExample,47,Uno,era5,0.95
ArtSimpleExample,47,Uno,era10,0.95
ArtSimpleExample,47,Uno,era4,1.0
ArtSimpleExample,47,Uno,era3,0.15000000000000002
ArtSimpleExample,47,Uno,era2,0.5999999999999998
ArtSimpleExample,47,Uno,era1,0.44999999999999996
ArtSimpleExample,48,Cheating,era9,1.0
ArtSimpleExample,48,Cheating,era8,0.35
ArtSimpleExample,48,Cheating,era7,0.45
ArtSimpleExample,48,Cheating,era6,0.44999999999999996
ArtSimpleExample,48,Cheating,era5,0.5499999999999999
ArtSimpleExample,48,Cheating,era10,0.35000000000000003
ArtSimpleExample,48,Cheating,era4,0.4999999999999997
ArtSimpleExample,48,Cheating,era3,1.0
ArtSimpleExample,48,Cheating,era2,0.8999999999999999
ArtSimpleExample,48,Cheating,era1,0.95
ArtSimpleExample,48,Next,era9,0.7499999999999998
ArtSimpleExample,48,Next,era8,1.0
ArtSimpleExample,48,Next,era7,0.8000000000000002
ArtSimpleExample,48,Next,era6,0.8999999999999999
ArtSimpleExample,48,Next,era5,0.5999999999999996
ArtSimpleExample,48,Next,era10,0.2
ArtSimpleExample,48,Next,era4,0.55
ArtSimpleExample,48,Next,era3,0.95
ArtSimpleExample,48,Next,era2,0.35
ArtSimpleExample,48,Next,era1,0.4
ArtSimpleExample,48,FordPrefect,era9,0.10000000000000002
ArtSimpleExample,48,FordPrefect,era8,0.35000000000000003
ArtSimpleExample,48,FordPrefect,era7,1.0
ArtSimpleExample,48,FordPrefect,era6,0.7500000000000001
ArtSimpleExample,48,FordPrefect,era5,0.8499999999999999
ArtSimpleExample,48,FordPrefect,era10,0.65
ArtSimpleExample,48,FordPrefect,era4,0.8499999999999999
ArtSimpleExample,48,FordPrefect,era3,0.7499999999999999
ArtSimpleExample,48,FordPrefect,era2,0.20000000000000007
ArtSimpleExample,48,FordPrefect,era1,1.0
ArtSimpleExample,48,ForTrust,era9,0.8999999999999999
ArtSimpleExample,48,ForTrust,era8,0.44999999999999973
ArtSimpleExample,48,ForTrust,era7,0.2
ArtSimpleExample,48,ForTrust,era6,0.9000000000000002
ArtSimpleExample,48,ForTrust,era5,0.95
ArtSimpleExample,48,ForTrust,era10,0.7499999999999999
ArtSimpleExample,48,ForTrust,era4,0.5
ArtSimpleExample,48,ForTrust,era3,1.0
ArtSimpleExample,48,ForTrust,era2,0.6
ArtSimpleExample,48,ForTrust,era1,0.25000000000000006
ArtSimpleExample,48,Connected,era9,1.0
ArtSimpleExample,48,Connected,era8,0.7999999999999998
ArtSimpleExample,48,Connected,era7,0.7499999999999998
ArtSimpleExample,48,Connected,era6,1.0
ArtSimpleExample,48,Connected,era5,0.15000000000000002
ArtSimpleExample,48,Connected,era10,0.05
ArtSimpleExample,48,Connected,era4,0.7999999999999998
ArtSimpleExample,48,Connected,era3,0.5499999999999999
ArtSimpleExample,48,Connected,era2,0.8000000000000003
ArtSimpleExample,48,Connected,era1,0.7500000000000001
ArtSimpleExample,48,Honest,era9,0.95
ArtSimpleExample,48,Honest,era8,0.7999999999999998
ArtSimpleExample,48,Honest,era7,0.30000000000000004
ArtSimpleExample,48,Honest,era6,0.85
ArtSimpleExample,48,Honest,era5,0.2
ArtSimpleExample,48,Honest,era10,0.8000000000000002
ArtSimpleExample,48,Honest,era4,0.5999999999999998
ArtSimpleExample,48,Honest,era3,0.6500000000000001
ArtSimpleExample,48,Honest,era2,0.39999999999999997
ArtSimpleExample,48,Honest,era1,0.95
ArtSimpleExample,48,Uno,era9,0.8999999999999999
ArtSimpleExample,48,Uno,era8,0.55
ArtSimpleExample,48,Uno,era7,0.30000000000000004
ArtSimpleExample,48,Uno,era6,0.7000000000000001
ArtSimpleExample,48,Uno,era5,1.0
ArtSimpleExample,48,Uno,era10,0.95
ArtSimpleExample,48,Uno,era4,1.0
ArtSimpleExample,48,Uno,era3,0.15000000000000002
ArtSimpleExample,48,Uno,era2,0.5499999999999997
ArtSimpleExample,48,Uno,era1,0.44999999999999996
ArtSimpleExample,49,Cheating,era9,1.0
ArtSimpleExample,49,Cheating,era8,0.35
ArtSimpleExample,49,Cheating,era7,0.4
ArtSimpleExample,49,Cheating,era6,0.44999999999999996
ArtSimpleExample,49,Cheating,era5,0.6
ArtSimpleExample,49,Cheating,era10,0.35000000000000003
ArtSimpleExample,49,Cheating,era4,0.4999999999999997
ArtSimpleExample,49,Cheating,era3,1.0
ArtSimpleExample,49,Cheating,era2,0.8999999999999999
ArtSimpleExample,49,Cheating,era1,0.95
ArtSimpleExample,49,Next,era9,0.6999999999999997
ArtSimpleExample,49,Next,era8,1.0
ArtSimpleExample,49,Next,era7,0.8000000000000002
ArtSimpleExample,49,Next,era6,0.8999999999999999
ArtSimpleExample,49,Next,era5,0.5999999999999996
ArtSimpleExample,49,Next,era10,0.2
ArtSimpleExample,49,Next,era4,0.55
ArtSimpleExample,49,Next,era3,0.95
ArtSimpleExample,49,Next,era2,0.39999999999999997
ArtSimpleExample,49,Next,era1,0.4
ArtSimpleExample,49,FordPrefect,era9,0.10000000000000002
ArtSimpleExample,49,FordPrefect,era8,0.4
ArtSimpleExample,49,FordPrefect,era7,1.0
ArtSimpleExample,49,FordPrefect,era6,0.8000000000000002
ArtSimpleExample,49,FordPrefect,era5,0.7999999999999998
ArtSimpleExample,49,FordPrefect,era10,0.6
ArtSimpleExample,49,FordPrefect,era4,0.8499999999999999
ArtSimpleExample,49,FordPrefect,era3,0.7499999999999999
ArtSimpleExample,49,FordPrefect,era2,0.20000000000000007
ArtSimpleExample,49,FordPrefect,era1,1.0
ArtSimpleExample,49,ForTrust,era9,0.8999999999999999
ArtSimpleExample,49,ForTrust,era8,0.44999999999999973
ArtSimpleExample,49,ForTrust,era7,0.2
ArtSimpleExample,49,ForTrust,era6,0.9000000000000002
ArtSimpleExample,49,ForTrust,era5,0.95
ArtSimpleExample,49,ForTrust,era10,0.7999999999999999
ArtSimpleExample,49,ForTrust,era4,0.5
ArtSimpleExample,49,ForTrust,era3,0.95
ArtSimpleExample,49,ForTrust,era2,0.6
ArtSimpleExample,49,ForTrust,era1,0.25000000000000006
ArtSimpleExample,49,Connected,era9,1.0
ArtSimpleExample,49,Connected,era8,0.7499999999999998
ArtSimpleExample,49,Connected,era7,0.7499999999999998
ArtSimpleExample,49,Connected,era6,1.0
ArtSimpleExample,49,Connected,era5,0.15000000000000002
ArtSimpleExample,49,Connected,era10,0.05
ArtSimpleExample,49,Connected,era4,0.7999999999999998
ArtSimpleExample,49,Connected,era3,0.5499999999999999
ArtSimpleExample,49,Connected,era2,0.8000000000000003
ArtSimpleExample,49,Connected,era1,0.8000000000000002
ArtSimpleExample,49,Honest,era9,1.0
ArtSimpleExample,49,Honest,era8,0.7499999999999998
ArtSimpleExample,49,Honest,era7,0.30000000000000004
ArtSimpleExample,49,Honest,era6,0.85
ArtSimpleExample,49,Honest,era5,0.25
ArtSimpleExample,49,Honest,era10,0.8000000000000002
ArtSimpleExample,49,Honest,era4,0.5499999999999997
ArtSimpleExample,49,Honest,era3,0.6500000000000001
ArtSimpleExample,49,Honest,era2,0.39999999999999997
ArtSimpleExample,49,Honest,era1,0.95
ArtSimpleExample,49,Uno,era9,0.8499999999999999
ArtSimpleExample,49,Uno,era8,0.55
ArtSimpleExample,49,Uno,era7,0.30000000000000004
ArtSimpleExample,49,Uno,era6,0.65
ArtSimpleExample,49,Uno,era5,1.0
ArtSimpleExample,49,Uno,era10,0.95
ArtSimpleExample,49,Uno,era4,1.0
ArtSimpleExample,49,Uno,era3,0.2
ArtSimpleExample,49,Uno,era2,0.5999999999999998
ArtSimpleExample,49,Uno,era1,0.44999999999999996
