ArtSimpleExample,0,Simple_2,era9,0.05
ArtSimpleExample,0,Simple_2,era8,0.85
ArtSimpleExample,0,Simple_2,era7,0.6
ArtSimpleExample,0,Simple_2,era6,0.55
ArtSimpleExample,0,Simple_2,era5,0.95
ArtSimpleExample,0,Simple_2,era10,0.7000000000000001
ArtSimpleExample,0,Simple_2,era4,1.0
ArtSimpleExample,0,Simple_2,era3,0.5
ArtSimpleExample,0,Simple_2,era2,0.85
ArtSimpleExample,0,Simple_2,era1,0.6
ArtSimpleExample,0,Cheating_2,era9,0.65
ArtSimpleExample,0,Cheating_2,era8,1.0
ArtSimpleExample,0,Cheating_2,era7,0.85
ArtSimpleExample,0,Cheating_2,era6,1.0
ArtSimpleExample,0,Cheating_2,era5,0.65
ArtSimpleExample,0,Cheating_2,era10,0.45
ArtSimpleExample,0,Cheating_2,era4,0.85
ArtSimpleExample,0,Cheating_2,era3,0.65
ArtSimpleExample,0,Cheating_2,era2,0.1
ArtSimpleExample,0,Cheating_2,era1,0.45
ArtSimpleExample,0,Simple_1,era9,0.85
ArtSimpleExample,0,Simple_1,era8,1.0
ArtSimpleExample,0,Simple_1,era7,0.5
ArtSimpleExample,0,Simple_1,era6,0.45
ArtSimpleExample,0,Simple_1,era5,0.1
ArtSimpleExample,0,Simple_1,era10,0.6
ArtSimpleExample,0,Simple_1,era4,0.7000000000000001
ArtSimpleExample,0,Simple_1,era3,1.0
ArtSimpleExample,0,Simple_1,era2,0.85
ArtSimpleExample,0,Simple_1,era1,0.6
ArtSimpleExample,0,Cheating_1,era9,1.0
ArtSimpleExample,0,Cheating_1,era8,0.7000000000000001
ArtSimpleExample,0,Cheating_1,era7,0.65
ArtSimpleExample,0,Cheating_1,era6,0.85
ArtSimpleExample,0,Cheating_1,era5,0.45
ArtSimpleExample,0,Cheating_1,era10,0.55
ArtSimpleExample,0,Cheating_1,era4,1.0
ArtSimpleExample,0,Cheating_1,era3,0.6
ArtSimpleExample,0,Cheating_1,era2,0.05
ArtSimpleExample,0,Cheating_1,era1,0.7999999999999999
ArtSimpleExample,0,ForTrust,era9,0.65
ArtSimpleExample,0,ForTrust,era8,0.85
ArtSimpleExample,0,ForTrust,era7,0.05
ArtSimpleExample,0,ForTrust,era6,0.85
ArtSimpleExample,0,ForTrust,era5,0.5
ArtSimpleExample,0,ForTrust,era10,0.6
ArtSimpleExample,0,ForTrust,era4,1.0
ArtSimpleExample,0,ForTrust,era3,1.0
ArtSimpleExample,0,ForTrust,era2,0.5
ArtSimpleExample,0,ForTrust,era1,0.65
ArtSimpleExample,0,Lazy_2,era9,0.7999999999999999
ArtSimpleExample,0,Lazy_2,era8,0.05
ArtSimpleExample,0,Lazy_2,era7,0.85
ArtSimpleExample,0,Lazy_2,era6,0.5
ArtSimpleExample,0,Lazy_2,era5,0.65
ArtSimpleExample,0,Lazy_2,era10,0.5
ArtSimpleExample,0,Lazy_2,era4,0.65
ArtSimpleExample,0,Lazy_2,era3,1.0
ArtSimpleExample,0,Lazy_2,era2,0.65
ArtSimpleExample,0,Lazy_2,era1,1.0
ArtSimpleExample,0,Lazy_1,era9,0.6
ArtSimpleExample,0,Lazy_1,era8,0.85
ArtSimpleExample,0,Lazy_1,era7,0.5
ArtSimpleExample,0,Lazy_1,era6,1.0
ArtSimpleExample,0,Lazy_1,era5,0.05
ArtSimpleExample,0,Lazy_1,era10,0.6
ArtSimpleExample,0,Lazy_1,era4,0.85
ArtSimpleExample,0,Lazy_1,era3,0.7000000000000001
ArtSimpleExample,0,Lazy_1,era2,1.0
ArtSimpleExample,0,Lazy_1,era1,0.5
ArtSimpleExample,1,Simple_2,era9,0.05
ArtSimpleExample,1,Simple_2,era8,0.9500000000000001
ArtSimpleExample,1,Simple_2,era7,0.6
ArtSimpleExample,1,Simple_2,era6,0.55
ArtSimpleExample,1,Simple_2,era5,0.95
ArtSimpleExample,1,Simple_2,era10,0.7000000000000001
ArtSimpleExample,1,Simple_2,era4,0.95
ArtSimpleExample,1,Simple_2,era3,0.45
ArtSimpleExample,1,Simple_2,era2,0.85
ArtSimpleExample,1,Simple_2,era1,0.6
ArtSimpleExample,1,Cheating_2,era9,0.65
ArtSimpleExample,1,Cheating_2,era8,0.95
ArtSimpleExample,1,Cheating_2,era7,0.85
ArtSimpleExample,1,Cheating_2,era6,1.0
ArtSimpleExample,1,Cheating_2,era5,0.65
ArtSimpleExample,1,Cheating_2,era10,0.45
ArtSimpleExample,1,Cheating_2,era4,0.85
ArtSimpleExample,1,Cheating_2,era3,0.7000000000000001
ArtSimpleExample,1,Cheating_2,era2,0.1
ArtSimpleExample,1,Cheating_2,era1,0.45
ArtSimpleExample,1,Simple_1,era9,0.85
ArtSimpleExample,1,Simple_1,era8,1.0
ArtSimpleExample,1,Simple_1,era7,0.55
ArtSimpleExample,1,Simple_1,era6,0.45
ArtSimpleExample,1,Simple_1,era5,0.1
ArtSimpleExample,1,Simple_1,era10,0.6
ArtSimpleExample,1,Simple_1,era4,0.65
ArtSimpleExample,1,Simple_1,era3,0.95
ArtSimpleExample,1,Simple_1,era2,0.9
ArtSimpleExample,1,Simple_1,era1,0.6
ArtSimpleExample,1,Cheating_1,era9,0.95
ArtSimpleExample,1,Cheating_1,era8,0.7500000000000001
ArtSimpleExample,1,Cheating_1,era7,0.65
ArtSimpleExample,1,Cheating_1,era6,0.9
ArtSimpleExample,1,Cheating_1,era5,0.4
ArtSimpleExample,1,Cheating_1,era10,0.55
ArtSimpleExample,1,Cheating_1,era4,1.0
ArtSimpleExample,1,Cheating_1,era3,0.6
ArtSimpleExample,1,Cheating_1,era2,0.05
ArtSimpleExample,1,Cheating_1,era1,0.7999999999999999
ArtSimpleExample,1,ForTrust,era9,0.65
ArtSimpleExample,1,ForTrust,era8,0.9
ArtSimpleExample,1,ForTrust,era7,0.05
ArtSimpleExample,1,ForTrust,era6,0.85
ArtSimpleExample,1,ForTrust,era5,0.5
ArtSimpleExample,1,ForTrust,era10,0.6
ArtSimpleExample,1,ForTrust,era4,1.0
ArtSimpleExample,1,ForTrust,era3,1.0
ArtSimpleExample,1,ForTrust,era2,0.4
ArtSimpleExample,1,ForTrust,era1,0.7000000000000001
ArtSimpleExample,1,Lazy_2,era9,0.7999999999999999
ArtSimpleExample,1,Lazy_2,era8,0.05
ArtSimpleExample,1,Lazy_2,era7,0.7999999999999999
ArtSimpleExample,1,Lazy_2,era6,0.5
ArtSimpleExample,1,Lazy_2,era5,0.65
ArtSimpleExample,1,Lazy_2,era10,0.55
ArtSimpleExample,1,Lazy_2,era4,0.7000000000000001
ArtSimpleExample,1,Lazy_2,era3,0.95
ArtSimpleExample,1,Lazy_2,era2,0.65
ArtSimpleExample,1,Lazy_2,era1,1.0
ArtSimpleExample,1,Lazy_1,era9,0.5499999999999999
ArtSimpleExample,1,Lazy_1,era8,0.9
ArtSimpleExample,1,Lazy_1,era7,0.5
ArtSimpleExample,1,Lazy_1,era6,0.95
ArtSimpleExample,1,Lazy_1,era5,0.05
ArtSimpleExample,1,Lazy_1,era10,0.65
ArtSimpleExample,1,Lazy_1,era4,0.85
ArtSimpleExample,1,Lazy_1,era3,0.7000000000000001
ArtSimpleExample,1,Lazy_1,era2,1.0
ArtSimpleExample,1,Lazy_1,era1,0.5
ArtSimpleExample,2,Simple_2,era9,0.05
ArtSimpleExample,2,Simple_2,era8,0.9500000000000001
ArtSimpleExample,2,Simple_2,era7,0.5499999999999999
ArtSimpleExample,2,Simple_2,era6,0.5
ArtSimpleExample,2,Simple_2,era5,0.95
ArtSimpleExample,2,Simple_2,era10,0.7000000000000001
ArtSimpleExample,2,Simple_2,era4,0.95
ArtSimpleExample,2,Simple_2,era3,0.5
ArtSimpleExample,2,Simple_2,era2,0.85
ArtSimpleExample,2,Simple_2,era1,0.65
ArtSimpleExample,2,Cheating_2,era9,0.65
ArtSimpleExample,2,Cheating_2,era8,0.95
ArtSimpleExample,2,Cheating_2,era7,0.9
ArtSimpleExample,2,Cheating_2,era6,0.95
ArtSimpleExample,2,Cheating_2,era5,0.65
ArtSimpleExample,2,Cheating_2,era10,0.45
ArtSimpleExample,2,Cheating_2,era4,0.7999999999999999
ArtSimpleExample,2,Cheating_2,era3,0.7500000000000001
ArtSimpleExample,2,Cheating_2,era2,0.1
ArtSimpleExample,2,Cheating_2,era1,0.45
ArtSimpleExample,2,Simple_1,era9,0.85
ArtSimpleExample,2,Simple_1,era8,0.95
ArtSimpleExample,2,Simple_1,era7,0.55
ArtSimpleExample,2,Simple_1,era6,0.45
ArtSimpleExample,2,Simple_1,era5,0.2
ArtSimpleExample,2,Simple_1,era10,0.6
ArtSimpleExample,2,Simple_1,era4,0.65
ArtSimpleExample,2,Simple_1,era3,0.95
ArtSimpleExample,2,Simple_1,era2,0.9
ArtSimpleExample,2,Simple_1,era1,0.5499999999999999
ArtSimpleExample,2,Cheating_1,era9,1.0
ArtSimpleExample,2,Cheating_1,era8,0.7000000000000001
ArtSimpleExample,2,Cheating_1,era7,0.65
ArtSimpleExample,2,Cheating_1,era6,0.9
ArtSimpleExample,2,Cheating_1,era5,0.35000000000000003
ArtSimpleExample,2,Cheating_1,era10,0.55
ArtSimpleExample,2,Cheating_1,era4,1.0
ArtSimpleExample,2,Cheating_1,era3,0.6
ArtSimpleExample,2,Cheating_1,era2,0.05
ArtSimpleExample,2,Cheating_1,era1,0.85
ArtSimpleExample,2,ForTrust,era9,0.65
ArtSimpleExample,2,ForTrust,era8,0.85
ArtSimpleExample,2,ForTrust,era7,0.1
ArtSimpleExample,2,ForTrust,era6,0.85
ArtSimpleExample,2,ForTrust,era5,0.5
ArtSimpleExample,2,ForTrust,era10,0.6
ArtSimpleExample,2,ForTrust,era4,0.95
ArtSimpleExample,2,ForTrust,era3,1.0
ArtSimpleExample,2,ForTrust,era2,0.4
ArtSimpleExample,2,ForTrust,era1,0.7500000000000001
ArtSimpleExample,2,Lazy_2,era9,0.7999999999999999
ArtSimpleExample,2,Lazy_2,era8,0.05
ArtSimpleExample,2,Lazy_2,era7,0.7999999999999999
ArtSimpleExample,2,Lazy_2,era6,0.5
ArtSimpleExample,2,Lazy_2,era5,0.7000000000000001
ArtSimpleExample,2,Lazy_2,era10,0.55
ArtSimpleExample,2,Lazy_2,era4,0.65
ArtSimpleExample,2,Lazy_2,era3,0.95
ArtSimpleExample,2,Lazy_2,era2,0.65
ArtSimpleExample,2,Lazy_2,era1,1.0
ArtSimpleExample,2,Lazy_1,era9,0.5499999999999999
ArtSimpleExample,2,Lazy_1,era8,0.9
ArtSimpleExample,2,Lazy_1,era7,0.5
ArtSimpleExample,2,Lazy_1,era6,0.95
ArtSimpleExample,2,Lazy_1,era5,0.05
ArtSimpleExample,2,Lazy_1,era10,0.65
ArtSimpleExample,2,Lazy_1,era4,0.85
ArtSimpleExample,2,Lazy_1,era3,0.7000000000000001
ArtSimpleExample,2,Lazy_1,era2,1.0
ArtSimpleExample,2,Lazy_1,era1,0.5
ArtSimpleExample,3,Simple_2,era9,0.05
ArtSimpleExample,3,Simple_2,era8,0.9500000000000001
ArtSimpleExample,3,Simple_2,era7,0.49999999999999994
ArtSimpleExample,3,Simple_2,era6,0.5
ArtSimpleExample,3,Simple_2,era5,1.0
ArtSimpleExample,3,Simple_2,era10,0.65
ArtSimpleExample,3,Simple_2,era4,1.0
ArtSimpleExample,3,Simple_2,era3,0.5
ArtSimpleExample,3,Simple_2,era2,0.85
ArtSimpleExample,3,Simple_2,era1,0.65
ArtSimpleExample,3,Cheating_2,era9,0.65
ArtSimpleExample,3,Cheating_2,era8,1.0
ArtSimpleExample,3,Cheating_2,era7,0.9
ArtSimpleExample,3,Cheating_2,era6,0.95
ArtSimpleExample,3,Cheating_2,era5,0.65
ArtSimpleExample,3,Cheating_2,era10,0.45
ArtSimpleExample,3,Cheating_2,era4,0.7999999999999999
ArtSimpleExample,3,Cheating_2,era3,0.7500000000000001
ArtSimpleExample,3,Cheating_2,era2,0.05
ArtSimpleExample,3,Cheating_2,era1,0.45
ArtSimpleExample,3,Simple_1,era9,0.85
ArtSimpleExample,3,Simple_1,era8,0.8999999999999999
ArtSimpleExample,3,Simple_1,era7,0.55
ArtSimpleExample,3,Simple_1,era6,0.45
ArtSimpleExample,3,Simple_1,era5,0.2
ArtSimpleExample,3,Simple_1,era10,0.6
ArtSimpleExample,3,Simple_1,era4,0.7000000000000001
ArtSimpleExample,3,Simple_1,era3,0.95
ArtSimpleExample,3,Simple_1,era2,0.9
ArtSimpleExample,3,Simple_1,era1,0.5499999999999999
ArtSimpleExample,3,Cheating_1,era9,1.0
ArtSimpleExample,3,Cheating_1,era8,0.7500000000000001
ArtSimpleExample,3,Cheating_1,era7,0.65
ArtSimpleExample,3,Cheating_1,era6,0.85
ArtSimpleExample,3,Cheating_1,era5,0.4
ArtSimpleExample,3,Cheating_1,era10,0.55
ArtSimpleExample,3,Cheating_1,era4,0.95
ArtSimpleExample,3,Cheating_1,era3,0.6
ArtSimpleExample,3,Cheating_1,era2,0.05
ArtSimpleExample,3,Cheating_1,era1,0.85
ArtSimpleExample,3,ForTrust,era9,0.6
ArtSimpleExample,3,ForTrust,era8,0.85
ArtSimpleExample,3,ForTrust,era7,0.1
ArtSimpleExample,3,ForTrust,era6,0.85
ArtSimpleExample,3,ForTrust,era5,0.5
ArtSimpleExample,3,ForTrust,era10,0.65
ArtSimpleExample,3,ForTrust,era4,0.95
ArtSimpleExample,3,ForTrust,era3,1.0
ArtSimpleExample,3,ForTrust,era2,0.4
ArtSimpleExample,3,ForTrust,era1,0.7500000000000001
ArtSimpleExample,3,Lazy_2,era9,0.7999999999999999
ArtSimpleExample,3,Lazy_2,era8,0.05
ArtSimpleExample,3,Lazy_2,era7,0.7999999999999999
ArtSimpleExample,3,Lazy_2,era6,0.5
ArtSimpleExample,3,Lazy_2,era5,0.65
ArtSimpleExample,3,Lazy_2,era10,0.6000000000000001
ArtSimpleExample,3,Lazy_2,era4,0.65
ArtSimpleExample,3,Lazy_2,era3,0.95
ArtSimpleExample,3,Lazy_2,era2,0.65
ArtSimpleExample,3,Lazy_2,era1,1.0
ArtSimpleExample,3,Lazy_1,era9,0.65
ArtSimpleExample,3,Lazy_1,era8,0.9
ArtSimpleExample,3,Lazy_1,era7,0.45
ArtSimpleExample,3,Lazy_1,era6,0.95
ArtSimpleExample,3,Lazy_1,era5,0.05
ArtSimpleExample,3,Lazy_1,era10,0.6
ArtSimpleExample,3,Lazy_1,era4,0.85
ArtSimpleExample,3,Lazy_1,era3,0.7000000000000001
ArtSimpleExample,3,Lazy_1,era2,1.0
ArtSimpleExample,3,Lazy_1,era1,0.5
ArtSimpleExample,4,Simple_2,era9,0.05
ArtSimpleExample,4,Simple_2,era8,0.9500000000000001
ArtSimpleExample,4,Simple_2,era7,0.49999999999999994
ArtSimpleExample,4,Simple_2,era6,0.5
ArtSimpleExample,4,Simple_2,era5,1.0
ArtSimpleExample,4,Simple_2,era10,0.6
ArtSimpleExample,4,Simple_2,era4,1.0
ArtSimpleExample,4,Simple_2,era3,0.55
ArtSimpleExample,4,Simple_2,era2,0.85
ArtSimpleExample,4,Simple_2,era1,0.65
ArtSimpleExample,4,Cheating_2,era9,0.65
ArtSimpleExample,4,Cheating_2,era8,1.0
ArtSimpleExample,4,Cheating_2,era7,0.9
ArtSimpleExample,4,Cheating_2,era6,0.95
ArtSimpleExample,4,Cheating_2,era5,0.7000000000000001
ArtSimpleExample,4,Cheating_2,era10,0.45
ArtSimpleExample,4,Cheating_2,era4,0.7999999999999999
ArtSimpleExample,4,Cheating_2,era3,0.8000000000000002
ArtSimpleExample,4,Cheating_2,era2,0.05
ArtSimpleExample,4,Cheating_2,era1,0.35000000000000003
ArtSimpleExample,4,Simple_1,era9,0.7999999999999999
ArtSimpleExample,4,Simple_1,era8,0.8999999999999999
ArtSimpleExample,4,Simple_1,era7,0.55
ArtSimpleExample,4,Simple_1,era6,0.45
ArtSimpleExample,4,Simple_1,era5,0.2
ArtSimpleExample,4,Simple_1,era10,0.65
ArtSimpleExample,4,Simple_1,era4,0.7000000000000001
ArtSimpleExample,4,Simple_1,era3,0.95
ArtSimpleExample,4,Simple_1,era2,0.9500000000000001
ArtSimpleExample,4,Simple_1,era1,0.49999999999999994
ArtSimpleExample,4,Cheating_1,era9,1.0
ArtSimpleExample,4,Cheating_1,era8,0.7500000000000001
ArtSimpleExample,4,Cheating_1,era7,0.6
ArtSimpleExample,4,Cheating_1,era6,0.85
ArtSimpleExample,4,Cheating_1,era5,0.4
ArtSimpleExample,4,Cheating_1,era10,0.55
ArtSimpleExample,4,Cheating_1,era4,0.95
ArtSimpleExample,4,Cheating_1,era3,0.6
ArtSimpleExample,4,Cheating_1,era2,0.1
ArtSimpleExample,4,Cheating_1,era1,0.85
ArtSimpleExample,4,ForTrust,era9,0.6
ArtSimpleExample,4,ForTrust,era8,0.85
ArtSimpleExample,4,ForTrust,era7,0.1
ArtSimpleExample,4,ForTrust,era6,0.9
ArtSimpleExample,4,ForTrust,era5,0.4
ArtSimpleExample,4,ForTrust,era10,0.65
ArtSimpleExample,4,ForTrust,era4,1.0
ArtSimpleExample,4,ForTrust,era3,1.0
ArtSimpleExample,4,ForTrust,era2,0.4
ArtSimpleExample,4,ForTrust,era1,0.7500000000000001
ArtSimpleExample,4,Lazy_2,era9,0.7999999999999999
ArtSimpleExample,4,Lazy_2,era8,0.05
ArtSimpleExample,4,Lazy_2,era7,0.85
ArtSimpleExample,4,Lazy_2,era6,0.45
ArtSimpleExample,4,Lazy_2,era5,0.65
ArtSimpleExample,4,Lazy_2,era10,0.6000000000000001
ArtSimpleExample,4,Lazy_2,era4,0.65
ArtSimpleExample,4,Lazy_2,era3,0.95
ArtSimpleExample,4,Lazy_2,era2,0.65
ArtSimpleExample,4,Lazy_2,era1,1.0
ArtSimpleExample,4,Lazy_1,era9,0.65
ArtSimpleExample,4,Lazy_1,era8,0.9
ArtSimpleExample,4,Lazy_1,era7,0.45
ArtSimpleExample,4,Lazy_1,era6,0.95
ArtSimpleExample,4,Lazy_1,era5,0.05
ArtSimpleExample,4,Lazy_1,era10,0.6
ArtSimpleExample,4,Lazy_1,era4,0.85
ArtSimpleExample,4,Lazy_1,era3,0.65
ArtSimpleExample,4,Lazy_1,era2,1.0
ArtSimpleExample,4,Lazy_1,era1,0.55
ArtSimpleExample,5,Simple_2,era9,0.05
ArtSimpleExample,5,Simple_2,era8,0.9500000000000001
ArtSimpleExample,5,Simple_2,era7,0.49999999999999994
ArtSimpleExample,5,Simple_2,era6,0.5
ArtSimpleExample,5,Simple_2,era5,1.0
ArtSimpleExample,5,Simple_2,era10,0.65
ArtSimpleExample,5,Simple_2,era4,1.0
ArtSimpleExample,5,Simple_2,era3,0.55
ArtSimpleExample,5,Simple_2,era2,0.85
ArtSimpleExample,5,Simple_2,era1,0.6
ArtSimpleExample,5,Cheating_2,era9,0.65
ArtSimpleExample,5,Cheating_2,era8,1.0
ArtSimpleExample,5,Cheating_2,era7,0.9
ArtSimpleExample,5,Cheating_2,era6,0.95
ArtSimpleExample,5,Cheating_2,era5,0.7500000000000001
ArtSimpleExample,5,Cheating_2,era10,0.5
ArtSimpleExample,5,Cheating_2,era4,0.7999999999999999
ArtSimpleExample,5,Cheating_2,era3,0.7500000000000001
ArtSimpleExample,5,Cheating_2,era2,0.05
ArtSimpleExample,5,Cheating_2,era1,0.30000000000000004
ArtSimpleExample,5,Simple_1,era9,0.7999999999999999
ArtSimpleExample,5,Simple_1,era8,0.8999999999999999
ArtSimpleExample,5,Simple_1,era7,0.55
ArtSimpleExample,5,Simple_1,era6,0.45
ArtSimpleExample,5,Simple_1,era5,0.2
ArtSimpleExample,5,Simple_1,era10,0.7000000000000001
ArtSimpleExample,5,Simple_1,era4,0.7000000000000001
ArtSimpleExample,5,Simple_1,era3,0.8999999999999999
ArtSimpleExample,5,Simple_1,era2,0.9500000000000001
ArtSimpleExample,5,Simple_1,era1,0.49999999999999994
ArtSimpleExample,5,Cheating_1,era9,1.0
ArtSimpleExample,5,Cheating_1,era8,0.7500000000000001
ArtSimpleExample,5,Cheating_1,era7,0.6
ArtSimpleExample,5,Cheating_1,era6,0.85
ArtSimpleExample,5,Cheating_1,era5,0.35000000000000003
ArtSimpleExample,5,Cheating_1,era10,0.55
ArtSimpleExample,5,Cheating_1,era4,1.0
ArtSimpleExample,5,Cheating_1,era3,0.6
ArtSimpleExample,5,Cheating_1,era2,0.1
ArtSimpleExample,5,Cheating_1,era1,0.85
ArtSimpleExample,5,ForTrust,era9,0.6
ArtSimpleExample,5,ForTrust,era8,0.7999999999999999
ArtSimpleExample,5,ForTrust,era7,0.15000000000000002
ArtSimpleExample,5,ForTrust,era6,0.85
ArtSimpleExample,5,ForTrust,era5,0.45
ArtSimpleExample,5,ForTrust,era10,0.65
ArtSimpleExample,5,ForTrust,era4,1.0
ArtSimpleExample,5,ForTrust,era3,1.0
ArtSimpleExample,5,ForTrust,era2,0.4
ArtSimpleExample,5,ForTrust,era1,0.7500000000000001
ArtSimpleExample,5,Lazy_2,era9,0.7999999999999999
ArtSimpleExample,5,Lazy_2,era8,0.15000000000000002
ArtSimpleExample,5,Lazy_2,era7,0.7499999999999999
ArtSimpleExample,5,Lazy_2,era6,0.45
ArtSimpleExample,5,Lazy_2,era5,0.65
ArtSimpleExample,5,Lazy_2,era10,0.6000000000000001
ArtSimpleExample,5,Lazy_2,era4,0.65
ArtSimpleExample,5,Lazy_2,era3,0.95
ArtSimpleExample,5,Lazy_2,era2,0.65
ArtSimpleExample,5,Lazy_2,era1,1.0
ArtSimpleExample,5,Lazy_1,era9,0.65
ArtSimpleExample,5,Lazy_1,era8,0.9500000000000001
ArtSimpleExample,5,Lazy_1,era7,0.45
ArtSimpleExample,5,Lazy_1,era6,0.95
ArtSimpleExample,5,Lazy_1,era5,0.05
ArtSimpleExample,5,Lazy_1,era10,0.5499999999999999
ArtSimpleExample,5,Lazy_1,era4,0.9
ArtSimpleExample,5,Lazy_1,era3,0.65
ArtSimpleExample,5,Lazy_1,era2,1.0
ArtSimpleExample,5,Lazy_1,era1,0.5
ArtSimpleExample,6,Simple_2,era9,0.05
ArtSimpleExample,6,Simple_2,era8,0.9500000000000001
ArtSimpleExample,6,Simple_2,era7,0.39999999999999997
ArtSimpleExample,6,Simple_2,era6,0.5
ArtSimpleExample,6,Simple_2,era5,1.0
ArtSimpleExample,6,Simple_2,era10,0.7000000000000001
ArtSimpleExample,6,Simple_2,era4,1.0
ArtSimpleExample,6,Simple_2,era3,0.55
ArtSimpleExample,6,Simple_2,era2,0.9
ArtSimpleExample,6,Simple_2,era1,0.6
ArtSimpleExample,6,Cheating_2,era9,0.65
ArtSimpleExample,6,Cheating_2,era8,1.0
ArtSimpleExample,6,Cheating_2,era7,0.9
ArtSimpleExample,6,Cheating_2,era6,0.95
ArtSimpleExample,6,Cheating_2,era5,0.7500000000000001
ArtSimpleExample,6,Cheating_2,era10,0.5
ArtSimpleExample,6,Cheating_2,era4,0.7999999999999999
ArtSimpleExample,6,Cheating_2,era3,0.7500000000000001
ArtSimpleExample,6,Cheating_2,era2,0.05
ArtSimpleExample,6,Cheating_2,era1,0.30000000000000004
ArtSimpleExample,6,Simple_1,era9,0.7999999999999999
ArtSimpleExample,6,Simple_1,era8,0.8999999999999999
ArtSimpleExample,6,Simple_1,era7,0.55
ArtSimpleExample,6,Simple_1,era6,0.45
ArtSimpleExample,6,Simple_1,era5,0.2
ArtSimpleExample,6,Simple_1,era10,0.7500000000000001
ArtSimpleExample,6,Simple_1,era4,0.7000000000000001
ArtSimpleExample,6,Simple_1,era3,0.8999999999999999
ArtSimpleExample,6,Simple_1,era2,0.9
ArtSimpleExample,6,Simple_1,era1,0.49999999999999994
ArtSimpleExample,6,Cheating_1,era9,1.0
ArtSimpleExample,6,Cheating_1,era8,0.7000000000000001
ArtSimpleExample,6,Cheating_1,era7,0.6
ArtSimpleExample,6,Cheating_1,era6,0.85
ArtSimpleExample,6,Cheating_1,era5,0.35000000000000003
ArtSimpleExample,6,Cheating_1,era10,0.55
ArtSimpleExample,6,Cheating_1,era4,1.0
ArtSimpleExample,6,Cheating_1,era3,0.6
ArtSimpleExample,6,Cheating_1,era2,0.1
ArtSimpleExample,6,Cheating_1,era1,0.9
ArtSimpleExample,6,ForTrust,era9,0.6
ArtSimpleExample,6,ForTrust,era8,0.7999999999999999
ArtSimpleExample,6,ForTrust,era7,0.10000000000000002
ArtSimpleExample,6,ForTrust,era6,0.9
ArtSimpleExample,6,ForTrust,era5,0.5
ArtSimpleExample,6,ForTrust,era10,0.65
ArtSimpleExample,6,ForTrust,era4,1.0
ArtSimpleExample,6,ForTrust,era3,1.0
ArtSimpleExample,6,ForTrust,era2,0.35000000000000003
ArtSimpleExample,6,ForTrust,era1,0.7500000000000001
ArtSimpleExample,6,Lazy_2,era9,0.7999999999999999
ArtSimpleExample,6,Lazy_2,era8,0.10000000000000002
ArtSimpleExample,6,Lazy_2,era7,0.7499999999999999
ArtSimpleExample,6,Lazy_2,era6,0.45
ArtSimpleExample,6,Lazy_2,era5,0.65
ArtSimpleExample,6,Lazy_2,era10,0.6000000000000001
ArtSimpleExample,6,Lazy_2,era4,0.65
ArtSimpleExample,6,Lazy_2,era3,1.0
ArtSimpleExample,6,Lazy_2,era2,0.65
ArtSimpleExample,6,Lazy_2,era1,1.0
ArtSimpleExample,6,Lazy_1,era9,0.7000000000000001
ArtSimpleExample,6,Lazy_1,era8,0.9500000000000001
ArtSimpleExample,6,Lazy_1,era7,0.45
ArtSimpleExample,6,Lazy_1,era6,0.8999999999999999
ArtSimpleExample,6,Lazy_1,era5,0.05
ArtSimpleExample,6,Lazy_1,era10,0.49999999999999994
ArtSimpleExample,6,Lazy_1,era4,0.9500000000000001
ArtSimpleExample,6,Lazy_1,era3,0.65
ArtSimpleExample,6,Lazy_1,era2,1.0
ArtSimpleExample,6,Lazy_1,era1,0.5
ArtSimpleExample,7,Simple_2,era9,0.05
ArtSimpleExample,7,Simple_2,era8,1.0
ArtSimpleExample,7,Simple_2,era7,0.39999999999999997
ArtSimpleExample,7,Simple_2,era6,0.5
ArtSimpleExample,7,Simple_2,era5,1.0
ArtSimpleExample,7,Simple_2,era10,0.7000000000000001
ArtSimpleExample,7,Simple_2,era4,0.95
ArtSimpleExample,7,Simple_2,era3,0.55
ArtSimpleExample,7,Simple_2,era2,0.9
ArtSimpleExample,7,Simple_2,era1,0.6
ArtSimpleExample,7,Cheating_2,era9,0.6
ArtSimpleExample,7,Cheating_2,era8,1.0
ArtSimpleExample,7,Cheating_2,era7,0.9
ArtSimpleExample,7,Cheating_2,era6,0.95
ArtSimpleExample,7,Cheating_2,era5,0.7500000000000001
ArtSimpleExample,7,Cheating_2,era10,0.5
ArtSimpleExample,7,Cheating_2,era4,0.85
ArtSimpleExample,7,Cheating_2,era3,0.7000000000000001
ArtSimpleExample,7,Cheating_2,era2,0.1
ArtSimpleExample,7,Cheating_2,era1,0.30000000000000004
ArtSimpleExample,7,Simple_1,era9,0.7999999999999999
ArtSimpleExample,7,Simple_1,era8,0.8499999999999999
ArtSimpleExample,7,Simple_1,era7,0.55
ArtSimpleExample,7,Simple_1,era6,0.4
ArtSimpleExample,7,Simple_1,era5,0.2
ArtSimpleExample,7,Simple_1,era10,0.7500000000000001
ArtSimpleExample,7,Simple_1,era4,0.7000000000000001
ArtSimpleExample,7,Simple_1,era3,0.95
ArtSimpleExample,7,Simple_1,era2,0.9500000000000001
ArtSimpleExample,7,Simple_1,era1,0.49999999999999994
ArtSimpleExample,7,Cheating_1,era9,1.0
ArtSimpleExample,7,Cheating_1,era8,0.7000000000000001
ArtSimpleExample,7,Cheating_1,era7,0.6
ArtSimpleExample,7,Cheating_1,era6,0.9
ArtSimpleExample,7,Cheating_1,era5,0.35000000000000003
ArtSimpleExample,7,Cheating_1,era10,0.5
ArtSimpleExample,7,Cheating_1,era4,1.0
ArtSimpleExample,7,Cheating_1,era3,0.6
ArtSimpleExample,7,Cheating_1,era2,0.1
ArtSimpleExample,7,Cheating_1,era1,0.9
ArtSimpleExample,7,ForTrust,era9,0.6
ArtSimpleExample,7,ForTrust,era8,0.7999999999999999
ArtSimpleExample,7,ForTrust,era7,0.10000000000000002
ArtSimpleExample,7,ForTrust,era6,0.9
ArtSimpleExample,7,ForTrust,era5,0.45
ArtSimpleExample,7,ForTrust,era10,0.65
ArtSimpleExample,7,ForTrust,era4,0.95
ArtSimpleExample,7,ForTrust,era3,1.0
ArtSimpleExample,7,ForTrust,era2,0.4
ArtSimpleExample,7,ForTrust,era1,0.8000000000000002
ArtSimpleExample,7,Lazy_2,era9,0.7499999999999999
ArtSimpleExample,7,Lazy_2,era8,0.10000000000000002
ArtSimpleExample,7,Lazy_2,era7,0.7499999999999999
ArtSimpleExample,7,Lazy_2,era6,0.45
ArtSimpleExample,7,Lazy_2,era5,0.65
ArtSimpleExample,7,Lazy_2,era10,0.6500000000000001
ArtSimpleExample,7,Lazy_2,era4,0.65
ArtSimpleExample,7,Lazy_2,era3,1.0
ArtSimpleExample,7,Lazy_2,era2,0.65
ArtSimpleExample,7,Lazy_2,era1,1.0
ArtSimpleExample,7,Lazy_1,era9,0.65
ArtSimpleExample,7,Lazy_1,era8,1.0
ArtSimpleExample,7,Lazy_1,era7,0.5
ArtSimpleExample,7,Lazy_1,era6,0.8999999999999999
ArtSimpleExample,7,Lazy_1,era5,0.05
ArtSimpleExample,7,Lazy_1,era10,0.49999999999999994
ArtSimpleExample,7,Lazy_1,era4,0.9500000000000001
ArtSimpleExample,7,Lazy_1,era3,0.65
ArtSimpleExample,7,Lazy_1,era2,1.0
ArtSimpleExample,7,Lazy_1,era1,0.45
ArtSimpleExample,8,Simple_2,era9,0.05
ArtSimpleExample,8,Simple_2,era8,1.0
ArtSimpleExample,8,Simple_2,era7,0.39999999999999997
ArtSimpleExample,8,Simple_2,era6,0.5
ArtSimpleExample,8,Simple_2,era5,1.0
ArtSimpleExample,8,Simple_2,era10,0.7500000000000001
ArtSimpleExample,8,Simple_2,era4,0.95
ArtSimpleExample,8,Simple_2,era3,0.55
ArtSimpleExample,8,Simple_2,era2,0.85
ArtSimpleExample,8,Simple_2,era1,0.6
ArtSimpleExample,8,Cheating_2,era9,0.5499999999999999
ArtSimpleExample,8,Cheating_2,era8,1.0
ArtSimpleExample,8,Cheating_2,era7,0.9500000000000001
ArtSimpleExample,8,Cheating_2,era6,0.95
ArtSimpleExample,8,Cheating_2,era5,0.7000000000000001
ArtSimpleExample,8,Cheating_2,era10,0.5
ArtSimpleExample,8,Cheating_2,era4,0.9
ArtSimpleExample,8,Cheating_2,era3,0.7000000000000001
ArtSimpleExample,8,Cheating_2,era2,0.1
ArtSimpleExample,8,Cheating_2,era1,0.30000000000000004
ArtSimpleExample,8,Simple_1,era9,0.7999999999999999
ArtSimpleExample,8,Simple_1,era8,0.7999999999999998
ArtSimpleExample,8,Simple_1,era7,0.55
ArtSimpleExample,8,Simple_1,era6,0.4
ArtSimpleExample,8,Simple_1,era5,0.15000000000000002
ArtSimpleExample,8,Simple_1,era10,0.7500000000000001
ArtSimpleExample,8,Simple_1,era4,0.7000000000000001
ArtSimpleExample,8,Simple_1,era3,1.0
ArtSimpleExample,8,Simple_1,era2,1.0
ArtSimpleExample,8,Simple_1,era1,0.49999999999999994
ArtSimpleExample,8,Cheating_1,era9,1.0
ArtSimpleExample,8,Cheating_1,era8,0.7500000000000001
ArtSimpleExample,8,Cheating_1,era7,0.65
ArtSimpleExample,8,Cheating_1,era6,0.9
ArtSimpleExample,8,Cheating_1,era5,0.35000000000000003
ArtSimpleExample,8,Cheating_1,era10,0.5
ArtSimpleExample,8,Cheating_1,era4,0.95
ArtSimpleExample,8,Cheating_1,era3,0.6
ArtSimpleExample,8,Cheating_1,era2,0.1
ArtSimpleExample,8,Cheating_1,era1,0.85
ArtSimpleExample,8,ForTrust,era9,0.6
ArtSimpleExample,8,ForTrust,era8,0.7999999999999999
ArtSimpleExample,8,ForTrust,era7,0.10000000000000002
ArtSimpleExample,8,ForTrust,era6,0.9500000000000001
ArtSimpleExample,8,ForTrust,era5,0.45
ArtSimpleExample,8,ForTrust,era10,0.65
ArtSimpleExample,8,ForTrust,era4,0.8999999999999999
ArtSimpleExample,8,ForTrust,era3,1.0
ArtSimpleExample,8,ForTrust,era2,0.4
ArtSimpleExample,8,ForTrust,era1,0.8000000000000002
ArtSimpleExample,8,Lazy_2,era9,0.7499999999999999
ArtSimpleExample,8,Lazy_2,era8,0.15000000000000002
ArtSimpleExample,8,Lazy_2,era7,0.7499999999999999
ArtSimpleExample,8,Lazy_2,era6,0.45
ArtSimpleExample,8,Lazy_2,era5,0.65
ArtSimpleExample,8,Lazy_2,era10,0.6000000000000001
ArtSimpleExample,8,Lazy_2,era4,0.6
ArtSimpleExample,8,Lazy_2,era3,1.0
ArtSimpleExample,8,Lazy_2,era2,0.7000000000000001
ArtSimpleExample,8,Lazy_2,era1,1.0
ArtSimpleExample,8,Lazy_1,era9,0.6
ArtSimpleExample,8,Lazy_1,era8,1.0
ArtSimpleExample,8,Lazy_1,era7,0.5
ArtSimpleExample,8,Lazy_1,era6,0.8999999999999999
ArtSimpleExample,8,Lazy_1,era5,0.05
ArtSimpleExample,8,Lazy_1,era10,0.49999999999999994
ArtSimpleExample,8,Lazy_1,era4,0.9500000000000001
ArtSimpleExample,8,Lazy_1,era3,0.65
ArtSimpleExample,8,Lazy_1,era2,1.0
ArtSimpleExample,8,Lazy_1,era1,0.5
ArtSimpleExample,9,Simple_2,era9,0.05
ArtSimpleExample,9,Simple_2,era8,1.0
ArtSimpleExample,9,Simple_2,era7,0.39999999999999997
ArtSimpleExample,9,Simple_2,era6,0.45
ArtSimpleExample,9,Simple_2,era5,1.0
ArtSimpleExample,9,Simple_2,era10,0.7500000000000001
ArtSimpleExample,9,Simple_2,era4,0.95
ArtSimpleExample,9,Simple_2,era3,0.55
ArtSimpleExample,9,Simple_2,era2,0.9
ArtSimpleExample,9,Simple_2,era1,0.6
ArtSimpleExample,9,Cheating_2,era9,0.5499999999999999
ArtSimpleExample,9,Cheating_2,era8,1.0
ArtSimpleExample,9,Cheating_2,era7,0.9500000000000001
ArtSimpleExample,9,Cheating_2,era6,1.0
ArtSimpleExample,9,Cheating_2,era5,0.7000000000000001
ArtSimpleExample,9,Cheating_2,era10,0.45
ArtSimpleExample,9,Cheating_2,era4,0.85
ArtSimpleExample,9,Cheating_2,era3,0.7000000000000001
ArtSimpleExample,9,Cheating_2,era2,0.15000000000000002
ArtSimpleExample,9,Cheating_2,era1,0.30000000000000004
ArtSimpleExample,9,Simple_1,era9,0.7999999999999999
ArtSimpleExample,9,Simple_1,era8,0.7999999999999998
ArtSimpleExample,9,Simple_1,era7,0.55
ArtSimpleExample,9,Simple_1,era6,0.4
ArtSimpleExample,9,Simple_1,era5,0.10000000000000002
ArtSimpleExample,9,Simple_1,era10,0.7500000000000001
ArtSimpleExample,9,Simple_1,era4,0.7500000000000001
ArtSimpleExample,9,Simple_1,era3,1.0
ArtSimpleExample,9,Simple_1,era2,1.0
ArtSimpleExample,9,Simple_1,era1,0.49999999999999994
ArtSimpleExample,9,Cheating_1,era9,0.95
ArtSimpleExample,9,Cheating_1,era8,0.7500000000000001
ArtSimpleExample,9,Cheating_1,era7,0.65
ArtSimpleExample,9,Cheating_1,era6,0.9
ArtSimpleExample,9,Cheating_1,era5,0.45
ArtSimpleExample,9,Cheating_1,era10,0.5
ArtSimpleExample,9,Cheating_1,era4,0.8999999999999999
ArtSimpleExample,9,Cheating_1,era3,0.6
ArtSimpleExample,9,Cheating_1,era2,0.1
ArtSimpleExample,9,Cheating_1,era1,0.85
ArtSimpleExample,9,ForTrust,era9,0.6
ArtSimpleExample,9,ForTrust,era8,0.7999999999999999
ArtSimpleExample,9,ForTrust,era7,0.10000000000000002
ArtSimpleExample,9,ForTrust,era6,1.0
ArtSimpleExample,9,ForTrust,era5,0.4
ArtSimpleExample,9,ForTrust,era10,0.65
ArtSimpleExample,9,ForTrust,era4,0.8499999999999999
ArtSimpleExample,9,ForTrust,era3,1.0
ArtSimpleExample,9,ForTrust,era2,0.45
ArtSimpleExample,9,ForTrust,era1,0.8000000000000002
ArtSimpleExample,9,Lazy_2,era9,0.7499999999999999
ArtSimpleExample,9,Lazy_2,era8,0.15000000000000002
ArtSimpleExample,9,Lazy_2,era7,0.7499999999999999
ArtSimpleExample,9,Lazy_2,era6,0.45
ArtSimpleExample,9,Lazy_2,era5,0.6
ArtSimpleExample,9,Lazy_2,era10,0.55
ArtSimpleExample,9,Lazy_2,era4,0.7000000000000001
ArtSimpleExample,9,Lazy_2,era3,1.0
ArtSimpleExample,9,Lazy_2,era2,0.7000000000000001
ArtSimpleExample,9,Lazy_2,era1,1.0
ArtSimpleExample,9,Lazy_1,era9,0.6
ArtSimpleExample,9,Lazy_1,era8,1.0
ArtSimpleExample,9,Lazy_1,era7,0.5
ArtSimpleExample,9,Lazy_1,era6,0.8999999999999999
ArtSimpleExample,9,Lazy_1,era5,0.1
ArtSimpleExample,9,Lazy_1,era10,0.44999999999999996
ArtSimpleExample,9,Lazy_1,era4,0.9500000000000001
ArtSimpleExample,9,Lazy_1,era3,0.65
ArtSimpleExample,9,Lazy_1,era2,1.0
ArtSimpleExample,9,Lazy_1,era1,0.5
ArtSimpleExample,10,Simple_2,era9,0.05
ArtSimpleExample,10,Simple_2,era8,1.0
ArtSimpleExample,10,Simple_2,era7,0.39999999999999997
ArtSimpleExample,10,Simple_2,era6,0.5
ArtSimpleExample,10,Simple_2,era5,0.95
ArtSimpleExample,10,Simple_2,era10,0.7500000000000001
ArtSimpleExample,10,Simple_2,era4,1.0
ArtSimpleExample,10,Simple_2,era3,0.5
ArtSimpleExample,10,Simple_2,era2,0.9
ArtSimpleExample,10,Simple_2,era1,0.6
ArtSimpleExample,10,Cheating_2,era9,0.5499999999999999
ArtSimpleExample,10,Cheating_2,era8,1.0
ArtSimpleExample,10,Cheating_2,era7,0.9500000000000001
ArtSimpleExample,10,Cheating_2,era6,0.95
ArtSimpleExample,10,Cheating_2,era5,0.65
ArtSimpleExample,10,Cheating_2,era10,0.45
ArtSimpleExample,10,Cheating_2,era4,0.9
ArtSimpleExample,10,Cheating_2,era3,0.7000000000000001
ArtSimpleExample,10,Cheating_2,era2,0.2
ArtSimpleExample,10,Cheating_2,era1,0.30000000000000004
ArtSimpleExample,10,Simple_1,era9,0.7999999999999999
ArtSimpleExample,10,Simple_1,era8,0.7999999999999998
ArtSimpleExample,10,Simple_1,era7,0.55
ArtSimpleExample,10,Simple_1,era6,0.4
ArtSimpleExample,10,Simple_1,era5,0.05000000000000002
ArtSimpleExample,10,Simple_1,era10,0.7500000000000001
ArtSimpleExample,10,Simple_1,era4,0.8000000000000002
ArtSimpleExample,10,Simple_1,era3,1.0
ArtSimpleExample,10,Simple_1,era2,1.0
ArtSimpleExample,10,Simple_1,era1,0.49999999999999994
ArtSimpleExample,10,Cheating_1,era9,0.95
ArtSimpleExample,10,Cheating_1,era8,0.7000000000000001
ArtSimpleExample,10,Cheating_1,era7,0.65
ArtSimpleExample,10,Cheating_1,era6,0.85
ArtSimpleExample,10,Cheating_1,era5,0.45
ArtSimpleExample,10,Cheating_1,era10,0.55
ArtSimpleExample,10,Cheating_1,era4,0.8999999999999999
ArtSimpleExample,10,Cheating_1,era3,0.6
ArtSimpleExample,10,Cheating_1,era2,0.1
ArtSimpleExample,10,Cheating_1,era1,0.9
ArtSimpleExample,10,ForTrust,era9,0.65
ArtSimpleExample,10,ForTrust,era8,0.7999999999999999
ArtSimpleExample,10,ForTrust,era7,0.10000000000000002
ArtSimpleExample,10,ForTrust,era6,1.0
ArtSimpleExample,10,ForTrust,era5,0.4
ArtSimpleExample,10,ForTrust,era10,0.5499999999999999
ArtSimpleExample,10,ForTrust,era4,0.8999999999999999
ArtSimpleExample,10,ForTrust,era3,1.0
ArtSimpleExample,10,ForTrust,era2,0.45
ArtSimpleExample,10,ForTrust,era1,0.8000000000000002
ArtSimpleExample,10,Lazy_2,era9,0.7499999999999999
ArtSimpleExample,10,Lazy_2,era8,0.2
ArtSimpleExample,10,Lazy_2,era7,0.6999999999999998
ArtSimpleExample,10,Lazy_2,era6,0.4
ArtSimpleExample,10,Lazy_2,era5,0.6
ArtSimpleExample,10,Lazy_2,era10,0.55
ArtSimpleExample,10,Lazy_2,era4,0.7500000000000001
ArtSimpleExample,10,Lazy_2,era3,1.0
ArtSimpleExample,10,Lazy_2,era2,0.7000000000000001
ArtSimpleExample,10,Lazy_2,era1,1.0
ArtSimpleExample,10,Lazy_1,era9,0.5499999999999999
ArtSimpleExample,10,Lazy_1,era8,1.0
ArtSimpleExample,10,Lazy_1,era7,0.45
ArtSimpleExample,10,Lazy_1,era6,0.95
ArtSimpleExample,10,Lazy_1,era5,0.1
ArtSimpleExample,10,Lazy_1,era10,0.49999999999999994
ArtSimpleExample,10,Lazy_1,era4,0.9500000000000001
ArtSimpleExample,10,Lazy_1,era3,0.65
ArtSimpleExample,10,Lazy_1,era2,1.0
ArtSimpleExample,10,Lazy_1,era1,0.5
ArtSimpleExample,11,Simple_2,era9,0.05
ArtSimpleExample,11,Simple_2,era8,1.0
ArtSimpleExample,11,Simple_2,era7,0.44999999999999996
ArtSimpleExample,11,Simple_2,era6,0.45
ArtSimpleExample,11,Simple_2,era5,1.0
ArtSimpleExample,11,Simple_2,era10,0.7500000000000001
ArtSimpleExample,11,Simple_2,era4,1.0
ArtSimpleExample,11,Simple_2,era3,0.45
ArtSimpleExample,11,Simple_2,era2,0.9
ArtSimpleExample,11,Simple_2,era1,0.6
ArtSimpleExample,11,Cheating_2,era9,0.5499999999999999
ArtSimpleExample,11,Cheating_2,era8,1.0
ArtSimpleExample,11,Cheating_2,era7,1.0
ArtSimpleExample,11,Cheating_2,era6,0.8999999999999999
ArtSimpleExample,11,Cheating_2,era5,0.65
ArtSimpleExample,11,Cheating_2,era10,0.45
ArtSimpleExample,11,Cheating_2,era4,0.9
ArtSimpleExample,11,Cheating_2,era3,0.7000000000000001
ArtSimpleExample,11,Cheating_2,era2,0.2
ArtSimpleExample,11,Cheating_2,era1,0.30000000000000004
ArtSimpleExample,11,Simple_1,era9,0.7999999999999999
ArtSimpleExample,11,Simple_1,era8,0.7499999999999998
ArtSimpleExample,11,Simple_1,era7,0.55
ArtSimpleExample,11,Simple_1,era6,0.45
ArtSimpleExample,11,Simple_1,era5,0.05000000000000002
ArtSimpleExample,11,Simple_1,era10,0.7500000000000001
ArtSimpleExample,11,Simple_1,era4,0.8500000000000002
ArtSimpleExample,11,Simple_1,era3,1.0
ArtSimpleExample,11,Simple_1,era2,1.0
ArtSimpleExample,11,Simple_1,era1,0.44999999999999996
ArtSimpleExample,11,Cheating_1,era9,0.95
ArtSimpleExample,11,Cheating_1,era8,0.7000000000000001
ArtSimpleExample,11,Cheating_1,era7,0.6
ArtSimpleExample,11,Cheating_1,era6,0.9
ArtSimpleExample,11,Cheating_1,era5,0.45
ArtSimpleExample,11,Cheating_1,era10,0.55
ArtSimpleExample,11,Cheating_1,era4,0.95
ArtSimpleExample,11,Cheating_1,era3,0.6
ArtSimpleExample,11,Cheating_1,era2,0.1
ArtSimpleExample,11,Cheating_1,era1,0.85
ArtSimpleExample,11,ForTrust,era9,0.65
ArtSimpleExample,11,ForTrust,era8,0.7499999999999999
ArtSimpleExample,11,ForTrust,era7,0.15000000000000002
ArtSimpleExample,11,ForTrust,era6,1.0
ArtSimpleExample,11,ForTrust,era5,0.4
ArtSimpleExample,11,ForTrust,era10,0.5499999999999999
ArtSimpleExample,11,ForTrust,era4,0.95
ArtSimpleExample,11,ForTrust,era3,0.95
ArtSimpleExample,11,ForTrust,era2,0.45
ArtSimpleExample,11,ForTrust,era1,0.8000000000000002
ArtSimpleExample,11,Lazy_2,era9,0.7499999999999999
ArtSimpleExample,11,Lazy_2,era8,0.15000000000000002
ArtSimpleExample,11,Lazy_2,era7,0.7499999999999999
ArtSimpleExample,11,Lazy_2,era6,0.4
ArtSimpleExample,11,Lazy_2,era5,0.6
ArtSimpleExample,11,Lazy_2,era10,0.55
ArtSimpleExample,11,Lazy_2,era4,0.7500000000000001
ArtSimpleExample,11,Lazy_2,era3,1.0
ArtSimpleExample,11,Lazy_2,era2,0.7500000000000001
ArtSimpleExample,11,Lazy_2,era1,0.95
ArtSimpleExample,11,Lazy_1,era9,0.49999999999999994
ArtSimpleExample,11,Lazy_1,era8,0.95
ArtSimpleExample,11,Lazy_1,era7,0.45
ArtSimpleExample,11,Lazy_1,era6,0.95
ArtSimpleExample,11,Lazy_1,era5,0.15000000000000002
ArtSimpleExample,11,Lazy_1,era10,0.49999999999999994
ArtSimpleExample,11,Lazy_1,era4,1.0
ArtSimpleExample,11,Lazy_1,era3,0.65
ArtSimpleExample,11,Lazy_1,era2,1.0
ArtSimpleExample,11,Lazy_1,era1,0.5
ArtSimpleExample,12,Simple_2,era9,0.05
ArtSimpleExample,12,Simple_2,era8,0.95
ArtSimpleExample,12,Simple_2,era7,0.44999999999999996
ArtSimpleExample,12,Simple_2,era6,0.5
ArtSimpleExample,12,Simple_2,era5,1.0
ArtSimpleExample,12,Simple_2,era10,0.7500000000000001
ArtSimpleExample,12,Simple_2,era4,1.0
ArtSimpleExample,12,Simple_2,era3,0.45
ArtSimpleExample,12,Simple_2,era2,0.9500000000000001
ArtSimpleExample,12,Simple_2,era1,0.5499999999999999
ArtSimpleExample,12,Cheating_2,era9,0.6
ArtSimpleExample,12,Cheating_2,era8,1.0
ArtSimpleExample,12,Cheating_2,era7,1.0
ArtSimpleExample,12,Cheating_2,era6,0.8999999999999999
ArtSimpleExample,12,Cheating_2,era5,0.65
ArtSimpleExample,12,Cheating_2,era10,0.45
ArtSimpleExample,12,Cheating_2,era4,0.7999999999999999
ArtSimpleExample,12,Cheating_2,era3,0.7000000000000001
ArtSimpleExample,12,Cheating_2,era2,0.25
ArtSimpleExample,12,Cheating_2,era1,0.30000000000000004
ArtSimpleExample,12,Simple_1,era9,0.85
ArtSimpleExample,12,Simple_1,era8,0.7499999999999998
ArtSimpleExample,12,Simple_1,era7,0.55
ArtSimpleExample,12,Simple_1,era6,0.4
ArtSimpleExample,12,Simple_1,era5,0.05000000000000002
ArtSimpleExample,12,Simple_1,era10,0.7500000000000001
ArtSimpleExample,12,Simple_1,era4,0.8500000000000002
ArtSimpleExample,12,Simple_1,era3,1.0
ArtSimpleExample,12,Simple_1,era2,1.0
ArtSimpleExample,12,Simple_1,era1,0.44999999999999996
ArtSimpleExample,12,Cheating_1,era9,0.95
ArtSimpleExample,12,Cheating_1,era8,0.7000000000000001
ArtSimpleExample,12,Cheating_1,era7,0.6
ArtSimpleExample,12,Cheating_1,era6,0.85
ArtSimpleExample,12,Cheating_1,era5,0.5
ArtSimpleExample,12,Cheating_1,era10,0.55
ArtSimpleExample,12,Cheating_1,era4,0.95
ArtSimpleExample,12,Cheating_1,era3,0.6
ArtSimpleExample,12,Cheating_1,era2,0.1
ArtSimpleExample,12,Cheating_1,era1,0.85
ArtSimpleExample,12,ForTrust,era9,0.65
ArtSimpleExample,12,ForTrust,era8,0.6499999999999998
ArtSimpleExample,12,ForTrust,era7,0.15000000000000002
ArtSimpleExample,12,ForTrust,era6,1.0
ArtSimpleExample,12,ForTrust,era5,0.4
ArtSimpleExample,12,ForTrust,era10,0.6
ArtSimpleExample,12,ForTrust,era4,0.95
ArtSimpleExample,12,ForTrust,era3,0.95
ArtSimpleExample,12,ForTrust,era2,0.5
ArtSimpleExample,12,ForTrust,era1,0.8000000000000002
ArtSimpleExample,12,Lazy_2,era9,0.7499999999999999
ArtSimpleExample,12,Lazy_2,era8,0.2
ArtSimpleExample,12,Lazy_2,era7,0.7499999999999999
ArtSimpleExample,12,Lazy_2,era6,0.4
ArtSimpleExample,12,Lazy_2,era5,0.6
ArtSimpleExample,12,Lazy_2,era10,0.5
ArtSimpleExample,12,Lazy_2,era4,0.8000000000000002
ArtSimpleExample,12,Lazy_2,era3,1.0
ArtSimpleExample,12,Lazy_2,era2,0.7000000000000001
ArtSimpleExample,12,Lazy_2,era1,0.95
ArtSimpleExample,12,Lazy_1,era9,0.49999999999999994
ArtSimpleExample,12,Lazy_1,era8,0.95
ArtSimpleExample,12,Lazy_1,era7,0.45
ArtSimpleExample,12,Lazy_1,era6,0.95
ArtSimpleExample,12,Lazy_1,era5,0.15000000000000002
ArtSimpleExample,12,Lazy_1,era10,0.49999999999999994
ArtSimpleExample,12,Lazy_1,era4,1.0
ArtSimpleExample,12,Lazy_1,era3,0.65
ArtSimpleExample,12,Lazy_1,era2,1.0
ArtSimpleExample,12,Lazy_1,era1,0.5
ArtSimpleExample,13,Simple_2,era9,0.05
ArtSimpleExample,13,Simple_2,era8,0.95
ArtSimpleExample,13,Simple_2,era7,0.44999999999999996
ArtSimpleExample,13,Simple_2,era6,0.5
ArtSimpleExample,13,Simple_2,era5,1.0
ArtSimpleExample,13,Simple_2,era10,0.7500000000000001
ArtSimpleExample,13,Simple_2,era4,1.0
ArtSimpleExample,13,Simple_2,era3,0.45
ArtSimpleExample,13,Simple_2,era2,0.9500000000000001
ArtSimpleExample,13,Simple_2,era1,0.5499999999999999
ArtSimpleExample,13,Cheating_2,era9,0.6
ArtSimpleExample,13,Cheating_2,era8,1.0
ArtSimpleExample,13,Cheating_2,era7,1.0
ArtSimpleExample,13,Cheating_2,era6,0.95
ArtSimpleExample,13,Cheating_2,era5,0.65
ArtSimpleExample,13,Cheating_2,era10,0.4
ArtSimpleExample,13,Cheating_2,era4,0.7999999999999999
ArtSimpleExample,13,Cheating_2,era3,0.7500000000000001
ArtSimpleExample,13,Cheating_2,era2,0.2
ArtSimpleExample,13,Cheating_2,era1,0.30000000000000004
ArtSimpleExample,13,Simple_1,era9,0.85
ArtSimpleExample,13,Simple_1,era8,0.7499999999999998
ArtSimpleExample,13,Simple_1,era7,0.55
ArtSimpleExample,13,Simple_1,era6,0.4
ArtSimpleExample,13,Simple_1,era5,0.05000000000000002
ArtSimpleExample,13,Simple_1,era10,0.7000000000000001
ArtSimpleExample,13,Simple_1,era4,0.9000000000000002
ArtSimpleExample,13,Simple_1,era3,1.0
ArtSimpleExample,13,Simple_1,era2,0.95
ArtSimpleExample,13,Simple_1,era1,0.49999999999999994
ArtSimpleExample,13,Cheating_1,era9,0.95
ArtSimpleExample,13,Cheating_1,era8,0.7000000000000001
ArtSimpleExample,13,Cheating_1,era7,0.5499999999999999
ArtSimpleExample,13,Cheating_1,era6,0.85
ArtSimpleExample,13,Cheating_1,era5,0.5
ArtSimpleExample,13,Cheating_1,era10,0.5
ArtSimpleExample,13,Cheating_1,era4,1.0
ArtSimpleExample,13,Cheating_1,era3,0.6
ArtSimpleExample,13,Cheating_1,era2,0.1
ArtSimpleExample,13,Cheating_1,era1,0.9
ArtSimpleExample,13,ForTrust,era9,0.7000000000000001
ArtSimpleExample,13,ForTrust,era8,0.5999999999999998
ArtSimpleExample,13,ForTrust,era7,0.15000000000000002
ArtSimpleExample,13,ForTrust,era6,1.0
ArtSimpleExample,13,ForTrust,era5,0.4
ArtSimpleExample,13,ForTrust,era10,0.6
ArtSimpleExample,13,ForTrust,era4,0.95
ArtSimpleExample,13,ForTrust,era3,1.0
ArtSimpleExample,13,ForTrust,era2,0.5
ArtSimpleExample,13,ForTrust,era1,0.7500000000000001
ArtSimpleExample,13,Lazy_2,era9,0.6999999999999998
ArtSimpleExample,13,Lazy_2,era8,0.25
ArtSimpleExample,13,Lazy_2,era7,0.7499999999999999
ArtSimpleExample,13,Lazy_2,era6,0.4
ArtSimpleExample,13,Lazy_2,era5,0.6
ArtSimpleExample,13,Lazy_2,era10,0.55
ArtSimpleExample,13,Lazy_2,era4,0.8000000000000002
ArtSimpleExample,13,Lazy_2,era3,1.0
ArtSimpleExample,13,Lazy_2,era2,0.65
ArtSimpleExample,13,Lazy_2,era1,0.95
ArtSimpleExample,13,Lazy_1,era9,0.49999999999999994
ArtSimpleExample,13,Lazy_1,era8,0.95
ArtSimpleExample,13,Lazy_1,era7,0.45
ArtSimpleExample,13,Lazy_1,era6,1.0
ArtSimpleExample,13,Lazy_1,era5,0.10000000000000002
ArtSimpleExample,13,Lazy_1,era10,0.49999999999999994
ArtSimpleExample,13,Lazy_1,era4,1.0
ArtSimpleExample,13,Lazy_1,era3,0.7000000000000001
ArtSimpleExample,13,Lazy_1,era2,1.0
ArtSimpleExample,13,Lazy_1,era1,0.45
ArtSimpleExample,14,Simple_2,era9,0.05
ArtSimpleExample,14,Simple_2,era8,0.95
ArtSimpleExample,14,Simple_2,era7,0.49999999999999994
ArtSimpleExample,14,Simple_2,era6,0.5
ArtSimpleExample,14,Simple_2,era5,1.0
ArtSimpleExample,14,Simple_2,era10,0.7000000000000001
ArtSimpleExample,14,Simple_2,era4,0.95
ArtSimpleExample,14,Simple_2,era3,0.45
ArtSimpleExample,14,Simple_2,era2,0.9500000000000001
ArtSimpleExample,14,Simple_2,era1,0.6
ArtSimpleExample,14,Cheating_2,era9,0.65
ArtSimpleExample,14,Cheating_2,era8,1.0
ArtSimpleExample,14,Cheating_2,era7,1.0
ArtSimpleExample,14,Cheating_2,era6,0.8999999999999999
ArtSimpleExample,14,Cheating_2,era5,0.65
ArtSimpleExample,14,Cheating_2,era10,0.4
ArtSimpleExample,14,Cheating_2,era4,0.7999999999999999
ArtSimpleExample,14,Cheating_2,era3,0.7500000000000001
ArtSimpleExample,14,Cheating_2,era2,0.25
ArtSimpleExample,14,Cheating_2,era1,0.25000000000000006
ArtSimpleExample,14,Simple_1,era9,0.85
ArtSimpleExample,14,Simple_1,era8,0.7499999999999998
ArtSimpleExample,14,Simple_1,era7,0.5
ArtSimpleExample,14,Simple_1,era6,0.4
ArtSimpleExample,14,Simple_1,era5,0.05000000000000002
ArtSimpleExample,14,Simple_1,era10,0.65
ArtSimpleExample,14,Simple_1,era4,0.9500000000000003
ArtSimpleExample,14,Simple_1,era3,1.0
ArtSimpleExample,14,Simple_1,era2,1.0
ArtSimpleExample,14,Simple_1,era1,0.49999999999999994
ArtSimpleExample,14,Cheating_1,era9,0.95
ArtSimpleExample,14,Cheating_1,era8,0.7000000000000001
ArtSimpleExample,14,Cheating_1,era7,0.5499999999999999
ArtSimpleExample,14,Cheating_1,era6,0.85
ArtSimpleExample,14,Cheating_1,era5,0.5
ArtSimpleExample,14,Cheating_1,era10,0.5
ArtSimpleExample,14,Cheating_1,era4,1.0
ArtSimpleExample,14,Cheating_1,era3,0.6
ArtSimpleExample,14,Cheating_1,era2,0.15000000000000002
ArtSimpleExample,14,Cheating_1,era1,0.85
ArtSimpleExample,14,ForTrust,era9,0.65
ArtSimpleExample,14,ForTrust,era8,0.6499999999999998
ArtSimpleExample,14,ForTrust,era7,0.15000000000000002
ArtSimpleExample,14,ForTrust,era6,0.95
ArtSimpleExample,14,ForTrust,era5,0.4
ArtSimpleExample,14,ForTrust,era10,0.6
ArtSimpleExample,14,ForTrust,era4,1.0
ArtSimpleExample,14,ForTrust,era3,1.0
ArtSimpleExample,14,ForTrust,era2,0.5
ArtSimpleExample,14,ForTrust,era1,0.7500000000000001
ArtSimpleExample,14,Lazy_2,era9,0.6999999999999998
ArtSimpleExample,14,Lazy_2,era8,0.25
ArtSimpleExample,14,Lazy_2,era7,0.7999999999999999
ArtSimpleExample,14,Lazy_2,era6,0.4
ArtSimpleExample,14,Lazy_2,era5,0.6
ArtSimpleExample,14,Lazy_2,era10,0.5
ArtSimpleExample,14,Lazy_2,era4,0.8000000000000002
ArtSimpleExample,14,Lazy_2,era3,1.0
ArtSimpleExample,14,Lazy_2,era2,0.6
ArtSimpleExample,14,Lazy_2,era1,1.0
ArtSimpleExample,14,Lazy_1,era9,0.49999999999999994
ArtSimpleExample,14,Lazy_1,era8,0.95
ArtSimpleExample,14,Lazy_1,era7,0.45
ArtSimpleExample,14,Lazy_1,era6,1.0
ArtSimpleExample,14,Lazy_1,era5,0.10000000000000002
ArtSimpleExample,14,Lazy_1,era10,0.49999999999999994
ArtSimpleExample,14,Lazy_1,era4,1.0
ArtSimpleExample,14,Lazy_1,era3,0.65
ArtSimpleExample,14,Lazy_1,era2,1.0
ArtSimpleExample,14,Lazy_1,era1,0.5
ArtSimpleExample,15,Simple_2,era9,0.05
ArtSimpleExample,15,Simple_2,era8,0.95
ArtSimpleExample,15,Simple_2,era7,0.44999999999999996
ArtSimpleExample,15,Simple_2,era6,0.5
ArtSimpleExample,15,Simple_2,era5,1.0
ArtSimpleExample,15,Simple_2,era10,0.7000000000000001
ArtSimpleExample,15,Simple_2,era4,1.0
ArtSimpleExample,15,Simple_2,era3,0.45
ArtSimpleExample,15,Simple_2,era2,0.9500000000000001
ArtSimpleExample,15,Simple_2,era1,0.6
ArtSimpleExample,15,Cheating_2,era9,0.65
ArtSimpleExample,15,Cheating_2,era8,1.0
ArtSimpleExample,15,Cheating_2,era7,0.95
ArtSimpleExample,15,Cheating_2,era6,0.95
ArtSimpleExample,15,Cheating_2,era5,0.65
ArtSimpleExample,15,Cheating_2,era10,0.4
ArtSimpleExample,15,Cheating_2,era4,0.85
ArtSimpleExample,15,Cheating_2,era3,0.7000000000000001
ArtSimpleExample,15,Cheating_2,era2,0.25
ArtSimpleExample,15,Cheating_2,era1,0.25000000000000006
ArtSimpleExample,15,Simple_1,era9,0.9
ArtSimpleExample,15,Simple_1,era8,0.7499999999999998
ArtSimpleExample,15,Simple_1,era7,0.55
ArtSimpleExample,15,Simple_1,era6,0.4
ArtSimpleExample,15,Simple_1,era5,0.05000000000000002
ArtSimpleExample,15,Simple_1,era10,0.65
ArtSimpleExample,15,Simple_1,era4,0.9500000000000003
ArtSimpleExample,15,Simple_1,era3,1.0
ArtSimpleExample,15,Simple_1,era2,0.8999999999999999
ArtSimpleExample,15,Simple_1,era1,0.49999999999999994
ArtSimpleExample,15,Cheating_1,era9,1.0
ArtSimpleExample,15,Cheating_1,era8,0.7000000000000001
ArtSimpleExample,15,Cheating_1,era7,0.5499999999999999
ArtSimpleExample,15,Cheating_1,era6,0.85
ArtSimpleExample,15,Cheating_1,era5,0.5
ArtSimpleExample,15,Cheating_1,era10,0.5
ArtSimpleExample,15,Cheating_1,era4,1.0
ArtSimpleExample,15,Cheating_1,era3,0.5499999999999999
ArtSimpleExample,15,Cheating_1,era2,0.15000000000000002
ArtSimpleExample,15,Cheating_1,era1,0.85
ArtSimpleExample,15,ForTrust,era9,0.65
ArtSimpleExample,15,ForTrust,era8,0.6999999999999998
ArtSimpleExample,15,ForTrust,era7,0.15000000000000002
ArtSimpleExample,15,ForTrust,era6,0.95
ArtSimpleExample,15,ForTrust,era5,0.4
ArtSimpleExample,15,ForTrust,era10,0.49999999999999994
ArtSimpleExample,15,ForTrust,era4,1.0
ArtSimpleExample,15,ForTrust,era3,1.0
ArtSimpleExample,15,ForTrust,era2,0.5
ArtSimpleExample,15,ForTrust,era1,0.8000000000000002
ArtSimpleExample,15,Lazy_2,era9,0.7499999999999999
ArtSimpleExample,15,Lazy_2,era8,0.25
ArtSimpleExample,15,Lazy_2,era7,0.7999999999999999
ArtSimpleExample,15,Lazy_2,era6,0.4
ArtSimpleExample,15,Lazy_2,era5,0.6
ArtSimpleExample,15,Lazy_2,era10,0.5
ArtSimpleExample,15,Lazy_2,era4,0.8500000000000002
ArtSimpleExample,15,Lazy_2,era3,0.95
ArtSimpleExample,15,Lazy_2,era2,0.5499999999999999
ArtSimpleExample,15,Lazy_2,era1,1.0
ArtSimpleExample,15,Lazy_1,era9,0.44999999999999996
ArtSimpleExample,15,Lazy_1,era8,0.95
ArtSimpleExample,15,Lazy_1,era7,0.45
ArtSimpleExample,15,Lazy_1,era6,1.0
ArtSimpleExample,15,Lazy_1,era5,0.10000000000000002
ArtSimpleExample,15,Lazy_1,era10,0.44999999999999996
ArtSimpleExample,15,Lazy_1,era4,1.0
ArtSimpleExample,15,Lazy_1,era3,0.65
ArtSimpleExample,15,Lazy_1,era2,1.0
ArtSimpleExample,15,Lazy_1,era1,0.6000000000000001
ArtSimpleExample,16,Simple_2,era9,0.1
ArtSimpleExample,16,Simple_2,era8,0.95
ArtSimpleExample,16,Simple_2,era7,0.39999999999999997
ArtSimpleExample,16,Simple_2,era6,0.5
ArtSimpleExample,16,Simple_2,era5,1.0
ArtSimpleExample,16,Simple_2,era10,0.65
ArtSimpleExample,16,Simple_2,era4,1.0
ArtSimpleExample,16,Simple_2,era3,0.5
ArtSimpleExample,16,Simple_2,era2,0.9500000000000001
ArtSimpleExample,16,Simple_2,era1,0.6
ArtSimpleExample,16,Cheating_2,era9,0.65
ArtSimpleExample,16,Cheating_2,era8,1.0
ArtSimpleExample,16,Cheating_2,era7,0.95
ArtSimpleExample,16,Cheating_2,era6,0.95
ArtSimpleExample,16,Cheating_2,era5,0.65
ArtSimpleExample,16,Cheating_2,era10,0.35000000000000003
ArtSimpleExample,16,Cheating_2,era4,0.85
ArtSimpleExample,16,Cheating_2,era3,0.7000000000000001
ArtSimpleExample,16,Cheating_2,era2,0.3
ArtSimpleExample,16,Cheating_2,era1,0.25000000000000006
ArtSimpleExample,16,Simple_1,era9,0.85
ArtSimpleExample,16,Simple_1,era8,0.6999999999999997
ArtSimpleExample,16,Simple_1,era7,0.55
ArtSimpleExample,16,Simple_1,era6,0.45
ArtSimpleExample,16,Simple_1,era5,0.10000000000000002
ArtSimpleExample,16,Simple_1,era10,0.65
ArtSimpleExample,16,Simple_1,era4,0.9500000000000003
ArtSimpleExample,16,Simple_1,era3,1.0
ArtSimpleExample,16,Simple_1,era2,0.8999999999999999
ArtSimpleExample,16,Simple_1,era1,0.49999999999999994
ArtSimpleExample,16,Cheating_1,era9,1.0
ArtSimpleExample,16,Cheating_1,era8,0.7000000000000001
ArtSimpleExample,16,Cheating_1,era7,0.49999999999999994
ArtSimpleExample,16,Cheating_1,era6,0.85
ArtSimpleExample,16,Cheating_1,era5,0.5
ArtSimpleExample,16,Cheating_1,era10,0.5
ArtSimpleExample,16,Cheating_1,era4,1.0
ArtSimpleExample,16,Cheating_1,era3,0.5499999999999999
ArtSimpleExample,16,Cheating_1,era2,0.2
ArtSimpleExample,16,Cheating_1,era1,0.85
ArtSimpleExample,16,ForTrust,era9,0.65
ArtSimpleExample,16,ForTrust,era8,0.6499999999999998
ArtSimpleExample,16,ForTrust,era7,0.2
ArtSimpleExample,16,ForTrust,era6,0.95
ArtSimpleExample,16,ForTrust,era5,0.45
ArtSimpleExample,16,ForTrust,era10,0.49999999999999994
ArtSimpleExample,16,ForTrust,era4,0.95
ArtSimpleExample,16,ForTrust,era3,1.0
ArtSimpleExample,16,ForTrust,era2,0.5
ArtSimpleExample,16,ForTrust,era1,0.8000000000000002
ArtSimpleExample,16,Lazy_2,era9,0.7499999999999999
ArtSimpleExample,16,Lazy_2,era8,0.25
ArtSimpleExample,16,Lazy_2,era7,0.7999999999999999
ArtSimpleExample,16,Lazy_2,era6,0.45
ArtSimpleExample,16,Lazy_2,era5,0.6
ArtSimpleExample,16,Lazy_2,era10,0.45
ArtSimpleExample,16,Lazy_2,era4,0.8500000000000002
ArtSimpleExample,16,Lazy_2,era3,0.95
ArtSimpleExample,16,Lazy_2,era2,0.5499999999999999
ArtSimpleExample,16,Lazy_2,era1,1.0
ArtSimpleExample,16,Lazy_1,era9,0.44999999999999996
ArtSimpleExample,16,Lazy_1,era8,0.95
ArtSimpleExample,16,Lazy_1,era7,0.5
ArtSimpleExample,16,Lazy_1,era6,1.0
ArtSimpleExample,16,Lazy_1,era5,0.15000000000000002
ArtSimpleExample,16,Lazy_1,era10,0.44999999999999996
ArtSimpleExample,16,Lazy_1,era4,1.0
ArtSimpleExample,16,Lazy_1,era3,0.6
ArtSimpleExample,16,Lazy_1,era2,1.0
ArtSimpleExample,16,Lazy_1,era1,0.55
ArtSimpleExample,17,Simple_2,era9,0.05
ArtSimpleExample,17,Simple_2,era8,1.0
ArtSimpleExample,17,Simple_2,era7,0.39999999999999997
ArtSimpleExample,17,Simple_2,era6,0.5
ArtSimpleExample,17,Simple_2,era5,0.95
ArtSimpleExample,17,Simple_2,era10,0.65
ArtSimpleExample,17,Simple_2,era4,1.0
ArtSimpleExample,17,Simple_2,era3,0.5
ArtSimpleExample,17,Simple_2,era2,1.0
ArtSimpleExample,17,Simple_2,era1,0.6
ArtSimpleExample,17,Cheating_2,era9,0.65
ArtSimpleExample,17,Cheating_2,era8,1.0
ArtSimpleExample,17,Cheating_2,era7,0.95
ArtSimpleExample,17,Cheating_2,era6,0.95
ArtSimpleExample,17,Cheating_2,era5,0.65
ArtSimpleExample,17,Cheating_2,era10,0.35000000000000003
ArtSimpleExample,17,Cheating_2,era4,0.85
ArtSimpleExample,17,Cheating_2,era3,0.7000000000000001
ArtSimpleExample,17,Cheating_2,era2,0.25
ArtSimpleExample,17,Cheating_2,era1,0.30000000000000004
ArtSimpleExample,17,Simple_1,era9,0.7999999999999999
ArtSimpleExample,17,Simple_1,era8,0.6999999999999997
ArtSimpleExample,17,Simple_1,era7,0.55
ArtSimpleExample,17,Simple_1,era6,0.45
ArtSimpleExample,17,Simple_1,era5,0.15000000000000002
ArtSimpleExample,17,Simple_1,era10,0.65
ArtSimpleExample,17,Simple_1,era4,0.9500000000000003
ArtSimpleExample,17,Simple_1,era3,1.0
ArtSimpleExample,17,Simple_1,era2,0.8499999999999999
ArtSimpleExample,17,Simple_1,era1,0.5499999999999999
ArtSimpleExample,17,Cheating_1,era9,1.0
ArtSimpleExample,17,Cheating_1,era8,0.7000000000000001
ArtSimpleExample,17,Cheating_1,era7,0.49999999999999994
ArtSimpleExample,17,Cheating_1,era6,0.85
ArtSimpleExample,17,Cheating_1,era5,0.5
ArtSimpleExample,17,Cheating_1,era10,0.5
ArtSimpleExample,17,Cheating_1,era4,1.0
ArtSimpleExample,17,Cheating_1,era3,0.6
ArtSimpleExample,17,Cheating_1,era2,0.15000000000000002
ArtSimpleExample,17,Cheating_1,era1,0.85
ArtSimpleExample,17,ForTrust,era9,0.65
ArtSimpleExample,17,ForTrust,era8,0.5999999999999998
ArtSimpleExample,17,ForTrust,era7,0.2
ArtSimpleExample,17,ForTrust,era6,1.0
ArtSimpleExample,17,ForTrust,era5,0.4
ArtSimpleExample,17,ForTrust,era10,0.5499999999999999
ArtSimpleExample,17,ForTrust,era4,0.95
ArtSimpleExample,17,ForTrust,era3,1.0
ArtSimpleExample,17,ForTrust,era2,0.5
ArtSimpleExample,17,ForTrust,era1,0.8000000000000002
ArtSimpleExample,17,Lazy_2,era9,0.6999999999999998
ArtSimpleExample,17,Lazy_2,era8,0.25
ArtSimpleExample,17,Lazy_2,era7,0.7999999999999999
ArtSimpleExample,17,Lazy_2,era6,0.5
ArtSimpleExample,17,Lazy_2,era5,0.6
ArtSimpleExample,17,Lazy_2,era10,0.45
ArtSimpleExample,17,Lazy_2,era4,0.8500000000000002
ArtSimpleExample,17,Lazy_2,era3,0.95
ArtSimpleExample,17,Lazy_2,era2,0.5499999999999999
ArtSimpleExample,17,Lazy_2,era1,1.0
ArtSimpleExample,17,Lazy_1,era9,0.39999999999999997
ArtSimpleExample,17,Lazy_1,era8,0.95
ArtSimpleExample,17,Lazy_1,era7,0.55
ArtSimpleExample,17,Lazy_1,era6,1.0
ArtSimpleExample,17,Lazy_1,era5,0.10000000000000002
ArtSimpleExample,17,Lazy_1,era10,0.44999999999999996
ArtSimpleExample,17,Lazy_1,era4,1.0
ArtSimpleExample,17,Lazy_1,era3,0.65
ArtSimpleExample,17,Lazy_1,era2,1.0
ArtSimpleExample,17,Lazy_1,era1,0.55
ArtSimpleExample,18,Simple_2,era9,0.1
ArtSimpleExample,18,Simple_2,era8,1.0
ArtSimpleExample,18,Simple_2,era7,0.39999999999999997
ArtSimpleExample,18,Simple_2,era6,0.5
ArtSimpleExample,18,Simple_2,era5,1.0
ArtSimpleExample,18,Simple_2,era10,0.65
ArtSimpleExample,18,Simple_2,era4,0.95
ArtSimpleExample,18,Simple_2,era3,0.45
ArtSimpleExample,18,Simple_2,era2,1.0
ArtSimpleExample,18,Simple_2,era1,0.6
ArtSimpleExample,18,Cheating_2,era9,0.65
ArtSimpleExample,18,Cheating_2,era8,1.0
ArtSimpleExample,18,Cheating_2,era7,0.95
ArtSimpleExample,18,Cheating_2,era6,0.95
ArtSimpleExample,18,Cheating_2,era5,0.6
ArtSimpleExample,18,Cheating_2,era10,0.4
ArtSimpleExample,18,Cheating_2,era4,0.85
ArtSimpleExample,18,Cheating_2,era3,0.7500000000000001
ArtSimpleExample,18,Cheating_2,era2,0.2
ArtSimpleExample,18,Cheating_2,era1,0.30000000000000004
ArtSimpleExample,18,Simple_1,era9,0.7999999999999999
ArtSimpleExample,18,Simple_1,era8,0.6999999999999997
ArtSimpleExample,18,Simple_1,era7,0.55
ArtSimpleExample,18,Simple_1,era6,0.45
ArtSimpleExample,18,Simple_1,era5,0.10000000000000002
ArtSimpleExample,18,Simple_1,era10,0.6
ArtSimpleExample,18,Simple_1,era4,0.9500000000000003
ArtSimpleExample,18,Simple_1,era3,1.0
ArtSimpleExample,18,Simple_1,era2,0.95
ArtSimpleExample,18,Simple_1,era1,0.5499999999999999
ArtSimpleExample,18,Cheating_1,era9,0.95
ArtSimpleExample,18,Cheating_1,era8,0.65
ArtSimpleExample,18,Cheating_1,era7,0.5499999999999999
ArtSimpleExample,18,Cheating_1,era6,0.85
ArtSimpleExample,18,Cheating_1,era5,0.5
ArtSimpleExample,18,Cheating_1,era10,0.5
ArtSimpleExample,18,Cheating_1,era4,1.0
ArtSimpleExample,18,Cheating_1,era3,0.6
ArtSimpleExample,18,Cheating_1,era2,0.15000000000000002
ArtSimpleExample,18,Cheating_1,era1,0.9
ArtSimpleExample,18,ForTrust,era9,0.65
ArtSimpleExample,18,ForTrust,era8,0.6499999999999998
ArtSimpleExample,18,ForTrust,era7,0.2
ArtSimpleExample,18,ForTrust,era6,1.0
ArtSimpleExample,18,ForTrust,era5,0.4
ArtSimpleExample,18,ForTrust,era10,0.5499999999999999
ArtSimpleExample,18,ForTrust,era4,1.0
ArtSimpleExample,18,ForTrust,era3,0.95
ArtSimpleExample,18,ForTrust,era2,0.5
ArtSimpleExample,18,ForTrust,era1,0.7500000000000001
ArtSimpleExample,18,Lazy_2,era9,0.6999999999999998
ArtSimpleExample,18,Lazy_2,era8,0.2
ArtSimpleExample,18,Lazy_2,era7,0.85
ArtSimpleExample,18,Lazy_2,era6,0.5
ArtSimpleExample,18,Lazy_2,era5,0.6
ArtSimpleExample,18,Lazy_2,era10,0.4
ArtSimpleExample,18,Lazy_2,era4,0.9000000000000002
ArtSimpleExample,18,Lazy_2,era3,0.95
ArtSimpleExample,18,Lazy_2,era2,0.5499999999999999
ArtSimpleExample,18,Lazy_2,era1,1.0
ArtSimpleExample,18,Lazy_1,era9,0.39999999999999997
ArtSimpleExample,18,Lazy_1,era8,1.0
ArtSimpleExample,18,Lazy_1,era7,0.55
ArtSimpleExample,18,Lazy_1,era6,0.8999999999999999
ArtSimpleExample,18,Lazy_1,era5,0.10000000000000002
ArtSimpleExample,18,Lazy_1,era10,0.44999999999999996
ArtSimpleExample,18,Lazy_1,era4,1.0
ArtSimpleExample,18,Lazy_1,era3,0.65
ArtSimpleExample,18,Lazy_1,era2,1.0
ArtSimpleExample,18,Lazy_1,era1,0.6000000000000001
ArtSimpleExample,19,Simple_2,era9,0.1
ArtSimpleExample,19,Simple_2,era8,0.95
ArtSimpleExample,19,Simple_2,era7,0.39999999999999997
ArtSimpleExample,19,Simple_2,era6,0.45
ArtSimpleExample,19,Simple_2,era5,1.0
ArtSimpleExample,19,Simple_2,era10,0.7000000000000001
ArtSimpleExample,19,Simple_2,era4,0.95
ArtSimpleExample,19,Simple_2,era3,0.5
ArtSimpleExample,19,Simple_2,era2,1.0
ArtSimpleExample,19,Simple_2,era1,0.6
ArtSimpleExample,19,Cheating_2,era9,0.6
ArtSimpleExample,19,Cheating_2,era8,1.0
ArtSimpleExample,19,Cheating_2,era7,0.8999999999999999
ArtSimpleExample,19,Cheating_2,era6,1.0
ArtSimpleExample,19,Cheating_2,era5,0.6
ArtSimpleExample,19,Cheating_2,era10,0.4
ArtSimpleExample,19,Cheating_2,era4,0.9
ArtSimpleExample,19,Cheating_2,era3,0.7500000000000001
ArtSimpleExample,19,Cheating_2,era2,0.2
ArtSimpleExample,19,Cheating_2,era1,0.30000000000000004
ArtSimpleExample,19,Simple_1,era9,0.85
ArtSimpleExample,19,Simple_1,era8,0.6999999999999997
ArtSimpleExample,19,Simple_1,era7,0.55
ArtSimpleExample,19,Simple_1,era6,0.5
ArtSimpleExample,19,Simple_1,era5,0.10000000000000002
ArtSimpleExample,19,Simple_1,era10,0.6
ArtSimpleExample,19,Simple_1,era4,0.9500000000000003
ArtSimpleExample,19,Simple_1,era3,0.95
ArtSimpleExample,19,Simple_1,era2,0.8999999999999999
ArtSimpleExample,19,Simple_1,era1,0.5499999999999999
ArtSimpleExample,19,Cheating_1,era9,0.8999999999999999
ArtSimpleExample,19,Cheating_1,era8,0.65
ArtSimpleExample,19,Cheating_1,era7,0.5499999999999999
ArtSimpleExample,19,Cheating_1,era6,0.9
ArtSimpleExample,19,Cheating_1,era5,0.45
ArtSimpleExample,19,Cheating_1,era10,0.5
ArtSimpleExample,19,Cheating_1,era4,1.0
ArtSimpleExample,19,Cheating_1,era3,0.6
ArtSimpleExample,19,Cheating_1,era2,0.2
ArtSimpleExample,19,Cheating_1,era1,0.9
ArtSimpleExample,19,ForTrust,era9,0.6
ArtSimpleExample,19,ForTrust,era8,0.6499999999999998
ArtSimpleExample,19,ForTrust,era7,0.2
ArtSimpleExample,19,ForTrust,era6,1.0
ArtSimpleExample,19,ForTrust,era5,0.4
ArtSimpleExample,19,ForTrust,era10,0.6
ArtSimpleExample,19,ForTrust,era4,1.0
ArtSimpleExample,19,ForTrust,era3,0.95
ArtSimpleExample,19,ForTrust,era2,0.5
ArtSimpleExample,19,ForTrust,era1,0.7500000000000001
ArtSimpleExample,19,Lazy_2,era9,0.6499999999999998
ArtSimpleExample,19,Lazy_2,era8,0.2
ArtSimpleExample,19,Lazy_2,era7,0.9
ArtSimpleExample,19,Lazy_2,era6,0.45
ArtSimpleExample,19,Lazy_2,era5,0.6
ArtSimpleExample,19,Lazy_2,era10,0.45
ArtSimpleExample,19,Lazy_2,era4,0.9000000000000002
ArtSimpleExample,19,Lazy_2,era3,0.95
ArtSimpleExample,19,Lazy_2,era2,0.5499999999999999
ArtSimpleExample,19,Lazy_2,era1,1.0
ArtSimpleExample,19,Lazy_1,era9,0.35
ArtSimpleExample,19,Lazy_1,era8,1.0
ArtSimpleExample,19,Lazy_1,era7,0.55
ArtSimpleExample,19,Lazy_1,era6,0.8999999999999999
ArtSimpleExample,19,Lazy_1,era5,0.10000000000000002
ArtSimpleExample,19,Lazy_1,era10,0.44999999999999996
ArtSimpleExample,19,Lazy_1,era4,1.0
ArtSimpleExample,19,Lazy_1,era3,0.65
ArtSimpleExample,19,Lazy_1,era2,1.0
ArtSimpleExample,19,Lazy_1,era1,0.6500000000000001
ArtSimpleExample,20,Simple_2,era9,0.15000000000000002
ArtSimpleExample,20,Simple_2,era8,0.95
ArtSimpleExample,20,Simple_2,era7,0.39999999999999997
ArtSimpleExample,20,Simple_2,era6,0.45
ArtSimpleExample,20,Simple_2,era5,0.95
ArtSimpleExample,20,Simple_2,era10,0.7000000000000001
ArtSimpleExample,20,Simple_2,era4,0.95
ArtSimpleExample,20,Simple_2,era3,0.5
ArtSimpleExample,20,Simple_2,era2,1.0
ArtSimpleExample,20,Simple_2,era1,0.6
ArtSimpleExample,20,Cheating_2,era9,0.6
ArtSimpleExample,20,Cheating_2,era8,1.0
ArtSimpleExample,20,Cheating_2,era7,0.95
ArtSimpleExample,20,Cheating_2,era6,1.0
ArtSimpleExample,20,Cheating_2,era5,0.5499999999999999
ArtSimpleExample,20,Cheating_2,era10,0.4
ArtSimpleExample,20,Cheating_2,era4,0.9
ArtSimpleExample,20,Cheating_2,era3,0.7500000000000001
ArtSimpleExample,20,Cheating_2,era2,0.15000000000000002
ArtSimpleExample,20,Cheating_2,era1,0.35000000000000003
ArtSimpleExample,20,Simple_1,era9,0.7999999999999999
ArtSimpleExample,20,Simple_1,era8,0.6999999999999997
ArtSimpleExample,20,Simple_1,era7,0.55
ArtSimpleExample,20,Simple_1,era6,0.5
ArtSimpleExample,20,Simple_1,era5,0.05000000000000002
ArtSimpleExample,20,Simple_1,era10,0.6
ArtSimpleExample,20,Simple_1,era4,0.9500000000000003
ArtSimpleExample,20,Simple_1,era3,0.95
ArtSimpleExample,20,Simple_1,era2,0.8999999999999999
ArtSimpleExample,20,Simple_1,era1,0.65
ArtSimpleExample,20,Cheating_1,era9,0.8999999999999999
ArtSimpleExample,20,Cheating_1,era8,0.7000000000000001
ArtSimpleExample,20,Cheating_1,era7,0.5499999999999999
ArtSimpleExample,20,Cheating_1,era6,0.9
ArtSimpleExample,20,Cheating_1,era5,0.45
ArtSimpleExample,20,Cheating_1,era10,0.5
ArtSimpleExample,20,Cheating_1,era4,1.0
ArtSimpleExample,20,Cheating_1,era3,0.49999999999999994
ArtSimpleExample,20,Cheating_1,era2,0.25
ArtSimpleExample,20,Cheating_1,era1,0.9
ArtSimpleExample,20,ForTrust,era9,0.6
ArtSimpleExample,20,ForTrust,era8,0.6499999999999998
ArtSimpleExample,20,ForTrust,era7,0.25
ArtSimpleExample,20,ForTrust,era6,0.95
ArtSimpleExample,20,ForTrust,era5,0.4
ArtSimpleExample,20,ForTrust,era10,0.6
ArtSimpleExample,20,ForTrust,era4,1.0
ArtSimpleExample,20,ForTrust,era3,0.95
ArtSimpleExample,20,ForTrust,era2,0.5
ArtSimpleExample,20,ForTrust,era1,0.7500000000000001
ArtSimpleExample,20,Lazy_2,era9,0.6499999999999998
ArtSimpleExample,20,Lazy_2,era8,0.2
ArtSimpleExample,20,Lazy_2,era7,0.9
ArtSimpleExample,20,Lazy_2,era6,0.45
ArtSimpleExample,20,Lazy_2,era5,0.6
ArtSimpleExample,20,Lazy_2,era10,0.45
ArtSimpleExample,20,Lazy_2,era4,0.9000000000000002
ArtSimpleExample,20,Lazy_2,era3,0.95
ArtSimpleExample,20,Lazy_2,era2,0.5499999999999999
ArtSimpleExample,20,Lazy_2,era1,1.0
ArtSimpleExample,20,Lazy_1,era9,0.3
ArtSimpleExample,20,Lazy_1,era8,1.0
ArtSimpleExample,20,Lazy_1,era7,0.55
ArtSimpleExample,20,Lazy_1,era6,0.8999999999999999
ArtSimpleExample,20,Lazy_1,era5,0.2
ArtSimpleExample,20,Lazy_1,era10,0.44999999999999996
ArtSimpleExample,20,Lazy_1,era4,1.0
ArtSimpleExample,20,Lazy_1,era3,0.65
ArtSimpleExample,20,Lazy_1,era2,0.95
ArtSimpleExample,20,Lazy_1,era1,0.6500000000000001
ArtSimpleExample,21,Simple_2,era9,0.15000000000000002
ArtSimpleExample,21,Simple_2,era8,0.95
ArtSimpleExample,21,Simple_2,era7,0.39999999999999997
ArtSimpleExample,21,Simple_2,era6,0.45
ArtSimpleExample,21,Simple_2,era5,0.95
ArtSimpleExample,21,Simple_2,era10,0.7500000000000001
ArtSimpleExample,21,Simple_2,era4,0.95
ArtSimpleExample,21,Simple_2,era3,0.5
ArtSimpleExample,21,Simple_2,era2,1.0
ArtSimpleExample,21,Simple_2,era1,0.5499999999999999
ArtSimpleExample,21,Cheating_2,era9,0.6
ArtSimpleExample,21,Cheating_2,era8,1.0
ArtSimpleExample,21,Cheating_2,era7,0.95
ArtSimpleExample,21,Cheating_2,era6,1.0
ArtSimpleExample,21,Cheating_2,era5,0.49999999999999994
ArtSimpleExample,21,Cheating_2,era10,0.45
ArtSimpleExample,21,Cheating_2,era4,0.9
ArtSimpleExample,21,Cheating_2,era3,0.7000000000000001
ArtSimpleExample,21,Cheating_2,era2,0.15000000000000002
ArtSimpleExample,21,Cheating_2,era1,0.4
ArtSimpleExample,21,Simple_1,era9,0.7999999999999999
ArtSimpleExample,21,Simple_1,era8,0.6999999999999997
ArtSimpleExample,21,Simple_1,era7,0.55
ArtSimpleExample,21,Simple_1,era6,0.5
ArtSimpleExample,21,Simple_1,era5,0.05000000000000002
ArtSimpleExample,21,Simple_1,era10,0.6
ArtSimpleExample,21,Simple_1,era4,0.9500000000000003
ArtSimpleExample,21,Simple_1,era3,0.95
ArtSimpleExample,21,Simple_1,era2,0.8999999999999999
ArtSimpleExample,21,Simple_1,era1,0.65
ArtSimpleExample,21,Cheating_1,era9,0.7999999999999998
ArtSimpleExample,21,Cheating_1,era8,0.7500000000000001
ArtSimpleExample,21,Cheating_1,era7,0.5499999999999999
ArtSimpleExample,21,Cheating_1,era6,0.9
ArtSimpleExample,21,Cheating_1,era5,0.45
ArtSimpleExample,21,Cheating_1,era10,0.5
ArtSimpleExample,21,Cheating_1,era4,1.0
ArtSimpleExample,21,Cheating_1,era3,0.49999999999999994
ArtSimpleExample,21,Cheating_1,era2,0.3
ArtSimpleExample,21,Cheating_1,era1,0.9
ArtSimpleExample,21,ForTrust,era9,0.6
ArtSimpleExample,21,ForTrust,era8,0.6499999999999998
ArtSimpleExample,21,ForTrust,era7,0.2
ArtSimpleExample,21,ForTrust,era6,0.95
ArtSimpleExample,21,ForTrust,era5,0.4
ArtSimpleExample,21,ForTrust,era10,0.6
ArtSimpleExample,21,ForTrust,era4,1.0
ArtSimpleExample,21,ForTrust,era3,1.0
ArtSimpleExample,21,ForTrust,era2,0.5
ArtSimpleExample,21,ForTrust,era1,0.7500000000000001
ArtSimpleExample,21,Lazy_2,era9,0.6499999999999998
ArtSimpleExample,21,Lazy_2,era8,0.2
ArtSimpleExample,21,Lazy_2,era7,0.9
ArtSimpleExample,21,Lazy_2,era6,0.45
ArtSimpleExample,21,Lazy_2,era5,0.6
ArtSimpleExample,21,Lazy_2,era10,0.45
ArtSimpleExample,21,Lazy_2,era4,0.8500000000000002
ArtSimpleExample,21,Lazy_2,era3,0.95
ArtSimpleExample,21,Lazy_2,era2,0.6
ArtSimpleExample,21,Lazy_2,era1,1.0
ArtSimpleExample,21,Lazy_1,era9,0.3
ArtSimpleExample,21,Lazy_1,era8,1.0
ArtSimpleExample,21,Lazy_1,era7,0.5
ArtSimpleExample,21,Lazy_1,era6,0.95
ArtSimpleExample,21,Lazy_1,era5,0.2
ArtSimpleExample,21,Lazy_1,era10,0.49999999999999994
ArtSimpleExample,21,Lazy_1,era4,1.0
ArtSimpleExample,21,Lazy_1,era3,0.6
ArtSimpleExample,21,Lazy_1,era2,0.95
ArtSimpleExample,21,Lazy_1,era1,0.6500000000000001
ArtSimpleExample,22,Simple_2,era9,0.15000000000000002
ArtSimpleExample,22,Simple_2,era8,0.95
ArtSimpleExample,22,Simple_2,era7,0.35
ArtSimpleExample,22,Simple_2,era6,0.4
ArtSimpleExample,22,Simple_2,era5,1.0
ArtSimpleExample,22,Simple_2,era10,0.8000000000000002
ArtSimpleExample,22,Simple_2,era4,0.95
ArtSimpleExample,22,Simple_2,era3,0.5
ArtSimpleExample,22,Simple_2,era2,1.0
ArtSimpleExample,22,Simple_2,era1,0.5499999999999999
ArtSimpleExample,22,Cheating_2,era9,0.6
ArtSimpleExample,22,Cheating_2,era8,1.0
ArtSimpleExample,22,Cheating_2,era7,1.0
ArtSimpleExample,22,Cheating_2,era6,1.0
ArtSimpleExample,22,Cheating_2,era5,0.5499999999999999
ArtSimpleExample,22,Cheating_2,era10,0.4
ArtSimpleExample,22,Cheating_2,era4,0.9
ArtSimpleExample,22,Cheating_2,era3,0.7000000000000001
ArtSimpleExample,22,Cheating_2,era2,0.10000000000000002
ArtSimpleExample,22,Cheating_2,era1,0.4
ArtSimpleExample,22,Simple_1,era9,0.85
ArtSimpleExample,22,Simple_1,era8,0.6999999999999997
ArtSimpleExample,22,Simple_1,era7,0.55
ArtSimpleExample,22,Simple_1,era6,0.55
ArtSimpleExample,22,Simple_1,era5,0.05000000000000002
ArtSimpleExample,22,Simple_1,era10,0.6
ArtSimpleExample,22,Simple_1,era4,0.9500000000000003
ArtSimpleExample,22,Simple_1,era3,0.8999999999999999
ArtSimpleExample,22,Simple_1,era2,0.8499999999999999
ArtSimpleExample,22,Simple_1,era1,0.65
ArtSimpleExample,22,Cheating_1,era9,0.7999999999999998
ArtSimpleExample,22,Cheating_1,era8,0.8000000000000002
ArtSimpleExample,22,Cheating_1,era7,0.5499999999999999
ArtSimpleExample,22,Cheating_1,era6,0.9
ArtSimpleExample,22,Cheating_1,era5,0.45
ArtSimpleExample,22,Cheating_1,era10,0.5
ArtSimpleExample,22,Cheating_1,era4,1.0
ArtSimpleExample,22,Cheating_1,era3,0.44999999999999996
ArtSimpleExample,22,Cheating_1,era2,0.3
ArtSimpleExample,22,Cheating_1,era1,0.9
ArtSimpleExample,22,ForTrust,era9,0.6
ArtSimpleExample,22,ForTrust,era8,0.6499999999999998
ArtSimpleExample,22,ForTrust,era7,0.25
ArtSimpleExample,22,ForTrust,era6,0.95
ArtSimpleExample,22,ForTrust,era5,0.4
ArtSimpleExample,22,ForTrust,era10,0.6
ArtSimpleExample,22,ForTrust,era4,1.0
ArtSimpleExample,22,ForTrust,era3,1.0
ArtSimpleExample,22,ForTrust,era2,0.5
ArtSimpleExample,22,ForTrust,era1,0.7000000000000001
ArtSimpleExample,22,Lazy_2,era9,0.6499999999999998
ArtSimpleExample,22,Lazy_2,era8,0.2
ArtSimpleExample,22,Lazy_2,era7,0.85
ArtSimpleExample,22,Lazy_2,era6,0.45
ArtSimpleExample,22,Lazy_2,era5,0.6
ArtSimpleExample,22,Lazy_2,era10,0.5
ArtSimpleExample,22,Lazy_2,era4,0.8500000000000002
ArtSimpleExample,22,Lazy_2,era3,0.95
ArtSimpleExample,22,Lazy_2,era2,0.6
ArtSimpleExample,22,Lazy_2,era1,1.0
ArtSimpleExample,22,Lazy_1,era9,0.3
ArtSimpleExample,22,Lazy_1,era8,1.0
ArtSimpleExample,22,Lazy_1,era7,0.5
ArtSimpleExample,22,Lazy_1,era6,1.0
ArtSimpleExample,22,Lazy_1,era5,0.2
ArtSimpleExample,22,Lazy_1,era10,0.44999999999999996
ArtSimpleExample,22,Lazy_1,era4,1.0
ArtSimpleExample,22,Lazy_1,era3,0.5499999999999999
ArtSimpleExample,22,Lazy_1,era2,0.95
ArtSimpleExample,22,Lazy_1,era1,0.7000000000000002
ArtSimpleExample,23,Simple_2,era9,0.15000000000000002
ArtSimpleExample,23,Simple_2,era8,1.0
ArtSimpleExample,23,Simple_2,era7,0.35
ArtSimpleExample,23,Simple_2,era6,0.45
ArtSimpleExample,23,Simple_2,era5,0.95
ArtSimpleExample,23,Simple_2,era10,0.8000000000000002
ArtSimpleExample,23,Simple_2,era4,0.95
ArtSimpleExample,23,Simple_2,era3,0.45
ArtSimpleExample,23,Simple_2,era2,1.0
ArtSimpleExample,23,Simple_2,era1,0.5499999999999999
ArtSimpleExample,23,Cheating_2,era9,0.6
ArtSimpleExample,23,Cheating_2,era8,1.0
ArtSimpleExample,23,Cheating_2,era7,0.95
ArtSimpleExample,23,Cheating_2,era6,0.95
ArtSimpleExample,23,Cheating_2,era5,0.6
ArtSimpleExample,23,Cheating_2,era10,0.4
ArtSimpleExample,23,Cheating_2,era4,0.9
ArtSimpleExample,23,Cheating_2,era3,0.7500000000000001
ArtSimpleExample,23,Cheating_2,era2,0.10000000000000002
ArtSimpleExample,23,Cheating_2,era1,0.4
ArtSimpleExample,23,Simple_1,era9,0.9
ArtSimpleExample,23,Simple_1,era8,0.6999999999999997
ArtSimpleExample,23,Simple_1,era7,0.55
ArtSimpleExample,23,Simple_1,era6,0.55
ArtSimpleExample,23,Simple_1,era5,0.05
ArtSimpleExample,23,Simple_1,era10,0.6
ArtSimpleExample,23,Simple_1,era4,0.9500000000000003
ArtSimpleExample,23,Simple_1,era3,0.8999999999999999
ArtSimpleExample,23,Simple_1,era2,0.8499999999999999
ArtSimpleExample,23,Simple_1,era1,0.65
ArtSimpleExample,23,Cheating_1,era9,0.7999999999999998
ArtSimpleExample,23,Cheating_1,era8,0.8500000000000002
ArtSimpleExample,23,Cheating_1,era7,0.5499999999999999
ArtSimpleExample,23,Cheating_1,era6,0.9
ArtSimpleExample,23,Cheating_1,era5,0.45
ArtSimpleExample,23,Cheating_1,era10,0.5
ArtSimpleExample,23,Cheating_1,era4,1.0
ArtSimpleExample,23,Cheating_1,era3,0.44999999999999996
ArtSimpleExample,23,Cheating_1,era2,0.3
ArtSimpleExample,23,Cheating_1,era1,0.85
ArtSimpleExample,23,ForTrust,era9,0.6
ArtSimpleExample,23,ForTrust,era8,0.6999999999999998
ArtSimpleExample,23,ForTrust,era7,0.25
ArtSimpleExample,23,ForTrust,era6,1.0
ArtSimpleExample,23,ForTrust,era5,0.4
ArtSimpleExample,23,ForTrust,era10,0.6
ArtSimpleExample,23,ForTrust,era4,0.95
ArtSimpleExample,23,ForTrust,era3,1.0
ArtSimpleExample,23,ForTrust,era2,0.45
ArtSimpleExample,23,ForTrust,era1,0.7000000000000001
ArtSimpleExample,23,Lazy_2,era9,0.6499999999999998
ArtSimpleExample,23,Lazy_2,era8,0.2
ArtSimpleExample,23,Lazy_2,era7,0.85
ArtSimpleExample,23,Lazy_2,era6,0.45
ArtSimpleExample,23,Lazy_2,era5,0.6
ArtSimpleExample,23,Lazy_2,era10,0.55
ArtSimpleExample,23,Lazy_2,era4,0.8500000000000002
ArtSimpleExample,23,Lazy_2,era3,0.95
ArtSimpleExample,23,Lazy_2,era2,0.6
ArtSimpleExample,23,Lazy_2,era1,0.95
ArtSimpleExample,23,Lazy_1,era9,0.3
ArtSimpleExample,23,Lazy_1,era8,1.0
ArtSimpleExample,23,Lazy_1,era7,0.5
ArtSimpleExample,23,Lazy_1,era6,1.0
ArtSimpleExample,23,Lazy_1,era5,0.25
ArtSimpleExample,23,Lazy_1,era10,0.44999999999999996
ArtSimpleExample,23,Lazy_1,era4,1.0
ArtSimpleExample,23,Lazy_1,era3,0.49999999999999994
ArtSimpleExample,23,Lazy_1,era2,0.8999999999999999
ArtSimpleExample,23,Lazy_1,era1,0.7500000000000002
ArtSimpleExample,24,Simple_2,era9,0.15000000000000002
ArtSimpleExample,24,Simple_2,era8,1.0
ArtSimpleExample,24,Simple_2,era7,0.35
ArtSimpleExample,24,Simple_2,era6,0.5
ArtSimpleExample,24,Simple_2,era5,0.8999999999999999
ArtSimpleExample,24,Simple_2,era10,0.7500000000000001
ArtSimpleExample,24,Simple_2,era4,0.95
ArtSimpleExample,24,Simple_2,era3,0.45
ArtSimpleExample,24,Simple_2,era2,1.0
ArtSimpleExample,24,Simple_2,era1,0.6
ArtSimpleExample,24,Cheating_2,era9,0.6
ArtSimpleExample,24,Cheating_2,era8,1.0
ArtSimpleExample,24,Cheating_2,era7,0.95
ArtSimpleExample,24,Cheating_2,era6,0.95
ArtSimpleExample,24,Cheating_2,era5,0.6
ArtSimpleExample,24,Cheating_2,era10,0.4
ArtSimpleExample,24,Cheating_2,era4,0.85
ArtSimpleExample,24,Cheating_2,era3,0.8000000000000002
ArtSimpleExample,24,Cheating_2,era2,0.10000000000000002
ArtSimpleExample,24,Cheating_2,era1,0.4
ArtSimpleExample,24,Simple_1,era9,0.9
ArtSimpleExample,24,Simple_1,era8,0.6499999999999997
ArtSimpleExample,24,Simple_1,era7,0.6000000000000001
ArtSimpleExample,24,Simple_1,era6,0.55
ArtSimpleExample,24,Simple_1,era5,0.05
ArtSimpleExample,24,Simple_1,era10,0.65
ArtSimpleExample,24,Simple_1,era4,0.9500000000000003
ArtSimpleExample,24,Simple_1,era3,0.8999999999999999
ArtSimpleExample,24,Simple_1,era2,0.7999999999999998
ArtSimpleExample,24,Simple_1,era1,0.65
ArtSimpleExample,24,Cheating_1,era9,0.7999999999999998
ArtSimpleExample,24,Cheating_1,era8,0.9000000000000002
ArtSimpleExample,24,Cheating_1,era7,0.44999999999999996
ArtSimpleExample,24,Cheating_1,era6,0.9
ArtSimpleExample,24,Cheating_1,era5,0.45
ArtSimpleExample,24,Cheating_1,era10,0.55
ArtSimpleExample,24,Cheating_1,era4,1.0
ArtSimpleExample,24,Cheating_1,era3,0.44999999999999996
ArtSimpleExample,24,Cheating_1,era2,0.3
ArtSimpleExample,24,Cheating_1,era1,0.85
ArtSimpleExample,24,ForTrust,era9,0.6
ArtSimpleExample,24,ForTrust,era8,0.6999999999999998
ArtSimpleExample,24,ForTrust,era7,0.25
ArtSimpleExample,24,ForTrust,era6,1.0
ArtSimpleExample,24,ForTrust,era5,0.4
ArtSimpleExample,24,ForTrust,era10,0.6
ArtSimpleExample,24,ForTrust,era4,0.8999999999999999
ArtSimpleExample,24,ForTrust,era3,1.0
ArtSimpleExample,24,ForTrust,era2,0.5
ArtSimpleExample,24,ForTrust,era1,0.7000000000000001
ArtSimpleExample,24,Lazy_2,era9,0.6499999999999998
ArtSimpleExample,24,Lazy_2,era8,0.2
ArtSimpleExample,24,Lazy_2,era7,0.85
ArtSimpleExample,24,Lazy_2,era6,0.5
ArtSimpleExample,24,Lazy_2,era5,0.5499999999999999
ArtSimpleExample,24,Lazy_2,era10,0.5
ArtSimpleExample,24,Lazy_2,era4,0.8500000000000002
ArtSimpleExample,24,Lazy_2,era3,0.95
ArtSimpleExample,24,Lazy_2,era2,0.6
ArtSimpleExample,24,Lazy_2,era1,1.0
ArtSimpleExample,24,Lazy_1,era9,0.3
ArtSimpleExample,24,Lazy_1,era8,1.0
ArtSimpleExample,24,Lazy_1,era7,0.5
ArtSimpleExample,24,Lazy_1,era6,1.0
ArtSimpleExample,24,Lazy_1,era5,0.25
ArtSimpleExample,24,Lazy_1,era10,0.44999999999999996
ArtSimpleExample,24,Lazy_1,era4,1.0
ArtSimpleExample,24,Lazy_1,era3,0.44999999999999996
ArtSimpleExample,24,Lazy_1,era2,0.8999999999999999
ArtSimpleExample,24,Lazy_1,era1,0.8000000000000003
ArtSimpleExample,25,Simple_2,era9,0.2
ArtSimpleExample,25,Simple_2,era8,1.0
ArtSimpleExample,25,Simple_2,era7,0.35
ArtSimpleExample,25,Simple_2,era6,0.45
ArtSimpleExample,25,Simple_2,era5,0.8999999999999999
ArtSimpleExample,25,Simple_2,era10,0.7500000000000001
ArtSimpleExample,25,Simple_2,era4,0.8999999999999999
ArtSimpleExample,25,Simple_2,era3,0.45
ArtSimpleExample,25,Simple_2,era2,1.0
ArtSimpleExample,25,Simple_2,era1,0.65
ArtSimpleExample,25,Cheating_2,era9,0.5499999999999999
ArtSimpleExample,25,Cheating_2,era8,1.0
ArtSimpleExample,25,Cheating_2,era7,1.0
ArtSimpleExample,25,Cheating_2,era6,0.8999999999999999
ArtSimpleExample,25,Cheating_2,era5,0.65
ArtSimpleExample,25,Cheating_2,era10,0.4
ArtSimpleExample,25,Cheating_2,era4,0.85
ArtSimpleExample,25,Cheating_2,era3,0.8000000000000002
ArtSimpleExample,25,Cheating_2,era2,0.10000000000000002
ArtSimpleExample,25,Cheating_2,era1,0.4
ArtSimpleExample,25,Simple_1,era9,0.9
ArtSimpleExample,25,Simple_1,era8,0.6999999999999997
ArtSimpleExample,25,Simple_1,era7,0.6000000000000001
ArtSimpleExample,25,Simple_1,era6,0.55
ArtSimpleExample,25,Simple_1,era5,0.05
ArtSimpleExample,25,Simple_1,era10,0.65
ArtSimpleExample,25,Simple_1,era4,0.9500000000000003
ArtSimpleExample,25,Simple_1,era3,0.8999999999999999
ArtSimpleExample,25,Simple_1,era2,0.7999999999999998
ArtSimpleExample,25,Simple_1,era1,0.6
ArtSimpleExample,25,Cheating_1,era9,0.7999999999999998
ArtSimpleExample,25,Cheating_1,era8,0.9000000000000002
ArtSimpleExample,25,Cheating_1,era7,0.44999999999999996
ArtSimpleExample,25,Cheating_1,era6,0.9
ArtSimpleExample,25,Cheating_1,era5,0.4
ArtSimpleExample,25,Cheating_1,era10,0.5
ArtSimpleExample,25,Cheating_1,era4,1.0
ArtSimpleExample,25,Cheating_1,era3,0.44999999999999996
ArtSimpleExample,25,Cheating_1,era2,0.35
ArtSimpleExample,25,Cheating_1,era1,0.9
ArtSimpleExample,25,ForTrust,era9,0.6
ArtSimpleExample,25,ForTrust,era8,0.7499999999999999
ArtSimpleExample,25,ForTrust,era7,0.25
ArtSimpleExample,25,ForTrust,era6,1.0
ArtSimpleExample,25,ForTrust,era5,0.4
ArtSimpleExample,25,ForTrust,era10,0.6
ArtSimpleExample,25,ForTrust,era4,0.8999999999999999
ArtSimpleExample,25,ForTrust,era3,0.95
ArtSimpleExample,25,ForTrust,era2,0.5
ArtSimpleExample,25,ForTrust,era1,0.7000000000000001
ArtSimpleExample,25,Lazy_2,era9,0.7499999999999999
ArtSimpleExample,25,Lazy_2,era8,0.2
ArtSimpleExample,25,Lazy_2,era7,0.85
ArtSimpleExample,25,Lazy_2,era6,0.5
ArtSimpleExample,25,Lazy_2,era5,0.49999999999999994
ArtSimpleExample,25,Lazy_2,era10,0.5
ArtSimpleExample,25,Lazy_2,era4,0.8000000000000002
ArtSimpleExample,25,Lazy_2,era3,0.95
ArtSimpleExample,25,Lazy_2,era2,0.6
ArtSimpleExample,25,Lazy_2,era1,1.0
ArtSimpleExample,25,Lazy_1,era9,0.3
ArtSimpleExample,25,Lazy_1,era8,1.0
ArtSimpleExample,25,Lazy_1,era7,0.5
ArtSimpleExample,25,Lazy_1,era6,1.0
ArtSimpleExample,25,Lazy_1,era5,0.3
ArtSimpleExample,25,Lazy_1,era10,0.44999999999999996
ArtSimpleExample,25,Lazy_1,era4,0.95
ArtSimpleExample,25,Lazy_1,era3,0.44999999999999996
ArtSimpleExample,25,Lazy_1,era2,0.8999999999999999
ArtSimpleExample,25,Lazy_1,era1,0.8000000000000003
ArtSimpleExample,26,Simple_2,era9,0.2
ArtSimpleExample,26,Simple_2,era8,1.0
ArtSimpleExample,26,Simple_2,era7,0.3
ArtSimpleExample,26,Simple_2,era6,0.45
ArtSimpleExample,26,Simple_2,era5,0.8999999999999999
ArtSimpleExample,26,Simple_2,era10,0.7500000000000001
ArtSimpleExample,26,Simple_2,era4,0.8999999999999999
ArtSimpleExample,26,Simple_2,era3,0.45
ArtSimpleExample,26,Simple_2,era2,1.0
ArtSimpleExample,26,Simple_2,era1,0.7000000000000001
ArtSimpleExample,26,Cheating_2,era9,0.5499999999999999
ArtSimpleExample,26,Cheating_2,era8,1.0
ArtSimpleExample,26,Cheating_2,era7,1.0
ArtSimpleExample,26,Cheating_2,era6,0.8999999999999999
ArtSimpleExample,26,Cheating_2,era5,0.65
ArtSimpleExample,26,Cheating_2,era10,0.4
ArtSimpleExample,26,Cheating_2,era4,0.7999999999999999
ArtSimpleExample,26,Cheating_2,era3,0.8000000000000002
ArtSimpleExample,26,Cheating_2,era2,0.15000000000000002
ArtSimpleExample,26,Cheating_2,era1,0.4
ArtSimpleExample,26,Simple_1,era9,0.9
ArtSimpleExample,26,Simple_1,era8,0.6999999999999997
ArtSimpleExample,26,Simple_1,era7,0.6000000000000001
ArtSimpleExample,26,Simple_1,era6,0.6000000000000001
ArtSimpleExample,26,Simple_1,era5,0.1
ArtSimpleExample,26,Simple_1,era10,0.65
ArtSimpleExample,26,Simple_1,era4,0.9000000000000002
ArtSimpleExample,26,Simple_1,era3,0.8999999999999999
ArtSimpleExample,26,Simple_1,era2,0.7999999999999998
ArtSimpleExample,26,Simple_1,era1,0.5499999999999999
ArtSimpleExample,26,Cheating_1,era9,0.7999999999999998
ArtSimpleExample,26,Cheating_1,era8,0.9000000000000002
ArtSimpleExample,26,Cheating_1,era7,0.44999999999999996
ArtSimpleExample,26,Cheating_1,era6,0.9
ArtSimpleExample,26,Cheating_1,era5,0.4
ArtSimpleExample,26,Cheating_1,era10,0.55
ArtSimpleExample,26,Cheating_1,era4,1.0
ArtSimpleExample,26,Cheating_1,era3,0.44999999999999996
ArtSimpleExample,26,Cheating_1,era2,0.35
ArtSimpleExample,26,Cheating_1,era1,0.85
ArtSimpleExample,26,ForTrust,era9,0.65
ArtSimpleExample,26,ForTrust,era8,0.7499999999999999
ArtSimpleExample,26,ForTrust,era7,0.25
ArtSimpleExample,26,ForTrust,era6,0.95
ArtSimpleExample,26,ForTrust,era5,0.35000000000000003
ArtSimpleExample,26,ForTrust,era10,0.65
ArtSimpleExample,26,ForTrust,era4,0.8999999999999999
ArtSimpleExample,26,ForTrust,era3,0.95
ArtSimpleExample,26,ForTrust,era2,0.5
ArtSimpleExample,26,ForTrust,era1,0.7000000000000001
ArtSimpleExample,26,Lazy_2,era9,0.7499999999999999
ArtSimpleExample,26,Lazy_2,era8,0.2
ArtSimpleExample,26,Lazy_2,era7,0.85
ArtSimpleExample,26,Lazy_2,era6,0.5
ArtSimpleExample,26,Lazy_2,era5,0.5499999999999999
ArtSimpleExample,26,Lazy_2,era10,0.45
ArtSimpleExample,26,Lazy_2,era4,0.8000000000000002
ArtSimpleExample,26,Lazy_2,era3,0.95
ArtSimpleExample,26,Lazy_2,era2,0.6
ArtSimpleExample,26,Lazy_2,era1,1.0
ArtSimpleExample,26,Lazy_1,era9,0.3
ArtSimpleExample,26,Lazy_1,era8,1.0
ArtSimpleExample,26,Lazy_1,era7,0.55
ArtSimpleExample,26,Lazy_1,era6,1.0
ArtSimpleExample,26,Lazy_1,era5,0.3
ArtSimpleExample,26,Lazy_1,era10,0.44999999999999996
ArtSimpleExample,26,Lazy_1,era4,0.8999999999999999
ArtSimpleExample,26,Lazy_1,era3,0.49999999999999994
ArtSimpleExample,26,Lazy_1,era2,0.8999999999999999
ArtSimpleExample,26,Lazy_1,era1,0.7500000000000002
ArtSimpleExample,27,Simple_2,era9,0.2
ArtSimpleExample,27,Simple_2,era8,1.0
ArtSimpleExample,27,Simple_2,era7,0.25
ArtSimpleExample,27,Simple_2,era6,0.5
ArtSimpleExample,27,Simple_2,era5,0.8999999999999999
ArtSimpleExample,27,Simple_2,era10,0.7500000000000001
ArtSimpleExample,27,Simple_2,era4,0.8999999999999999
ArtSimpleExample,27,Simple_2,era3,0.45
ArtSimpleExample,27,Simple_2,era2,1.0
ArtSimpleExample,27,Simple_2,era1,0.7000000000000001
ArtSimpleExample,27,Cheating_2,era9,0.5499999999999999
ArtSimpleExample,27,Cheating_2,era8,0.95
ArtSimpleExample,27,Cheating_2,era7,0.95
ArtSimpleExample,27,Cheating_2,era6,0.8999999999999999
ArtSimpleExample,27,Cheating_2,era5,0.65
ArtSimpleExample,27,Cheating_2,era10,0.4
ArtSimpleExample,27,Cheating_2,era4,0.85
ArtSimpleExample,27,Cheating_2,era3,0.8000000000000002
ArtSimpleExample,27,Cheating_2,era2,0.15000000000000002
ArtSimpleExample,27,Cheating_2,era1,0.45
ArtSimpleExample,27,Simple_1,era9,0.9500000000000001
ArtSimpleExample,27,Simple_1,era8,0.7499999999999998
ArtSimpleExample,27,Simple_1,era7,0.6000000000000001
ArtSimpleExample,27,Simple_1,era6,0.6000000000000001
ArtSimpleExample,27,Simple_1,era5,0.1
ArtSimpleExample,27,Simple_1,era10,0.5499999999999999
ArtSimpleExample,27,Simple_1,era4,0.9000000000000002
ArtSimpleExample,27,Simple_1,era3,0.8999999999999999
ArtSimpleExample,27,Simple_1,era2,0.7999999999999998
ArtSimpleExample,27,Simple_1,era1,0.5499999999999999
ArtSimpleExample,27,Cheating_1,era9,0.8499999999999999
ArtSimpleExample,27,Cheating_1,era8,0.9000000000000002
ArtSimpleExample,27,Cheating_1,era7,0.44999999999999996
ArtSimpleExample,27,Cheating_1,era6,0.9
ArtSimpleExample,27,Cheating_1,era5,0.4
ArtSimpleExample,27,Cheating_1,era10,0.55
ArtSimpleExample,27,Cheating_1,era4,1.0
ArtSimpleExample,27,Cheating_1,era3,0.35
ArtSimpleExample,27,Cheating_1,era2,0.35
ArtSimpleExample,27,Cheating_1,era1,0.9
ArtSimpleExample,27,ForTrust,era9,0.65
ArtSimpleExample,27,ForTrust,era8,0.7999999999999999
ArtSimpleExample,27,ForTrust,era7,0.2
ArtSimpleExample,27,ForTrust,era6,0.95
ArtSimpleExample,27,ForTrust,era5,0.35000000000000003
ArtSimpleExample,27,ForTrust,era10,0.6
ArtSimpleExample,27,ForTrust,era4,0.8999999999999999
ArtSimpleExample,27,ForTrust,era3,0.95
ArtSimpleExample,27,ForTrust,era2,0.5
ArtSimpleExample,27,ForTrust,era1,0.7500000000000001
ArtSimpleExample,27,Lazy_2,era9,0.7499999999999999
ArtSimpleExample,27,Lazy_2,era8,0.2
ArtSimpleExample,27,Lazy_2,era7,0.85
ArtSimpleExample,27,Lazy_2,era6,0.6000000000000001
ArtSimpleExample,27,Lazy_2,era5,0.5499999999999999
ArtSimpleExample,27,Lazy_2,era10,0.45
ArtSimpleExample,27,Lazy_2,era4,0.8000000000000002
ArtSimpleExample,27,Lazy_2,era3,0.8499999999999999
ArtSimpleExample,27,Lazy_2,era2,0.6
ArtSimpleExample,27,Lazy_2,era1,1.0
ArtSimpleExample,27,Lazy_1,era9,0.35
ArtSimpleExample,27,Lazy_1,era8,1.0
ArtSimpleExample,27,Lazy_1,era7,0.6000000000000001
ArtSimpleExample,27,Lazy_1,era6,1.0
ArtSimpleExample,27,Lazy_1,era5,0.25
ArtSimpleExample,27,Lazy_1,era10,0.44999999999999996
ArtSimpleExample,27,Lazy_1,era4,0.8999999999999999
ArtSimpleExample,27,Lazy_1,era3,0.44999999999999996
ArtSimpleExample,27,Lazy_1,era2,0.8999999999999999
ArtSimpleExample,27,Lazy_1,era1,0.7500000000000002
ArtSimpleExample,28,Simple_2,era9,0.2
ArtSimpleExample,28,Simple_2,era8,1.0
ArtSimpleExample,28,Simple_2,era7,0.3
ArtSimpleExample,28,Simple_2,era6,0.5
ArtSimpleExample,28,Simple_2,era5,0.8499999999999999
ArtSimpleExample,28,Simple_2,era10,0.7500000000000001
ArtSimpleExample,28,Simple_2,era4,0.8999999999999999
ArtSimpleExample,28,Simple_2,era3,0.45
ArtSimpleExample,28,Simple_2,era2,0.95
ArtSimpleExample,28,Simple_2,era1,0.7500000000000001
ArtSimpleExample,28,Cheating_2,era9,0.49999999999999994
ArtSimpleExample,28,Cheating_2,era8,0.95
ArtSimpleExample,28,Cheating_2,era7,0.95
ArtSimpleExample,28,Cheating_2,era6,0.8999999999999999
ArtSimpleExample,28,Cheating_2,era5,0.65
ArtSimpleExample,28,Cheating_2,era10,0.45
ArtSimpleExample,28,Cheating_2,era4,0.85
ArtSimpleExample,28,Cheating_2,era3,0.8500000000000002
ArtSimpleExample,28,Cheating_2,era2,0.10000000000000002
ArtSimpleExample,28,Cheating_2,era1,0.45
ArtSimpleExample,28,Simple_1,era9,0.9500000000000001
ArtSimpleExample,28,Simple_1,era8,0.7499999999999998
ArtSimpleExample,28,Simple_1,era7,0.6000000000000001
ArtSimpleExample,28,Simple_1,era6,0.55
ArtSimpleExample,28,Simple_1,era5,0.1
ArtSimpleExample,28,Simple_1,era10,0.5499999999999999
ArtSimpleExample,28,Simple_1,era4,0.9000000000000002
ArtSimpleExample,28,Simple_1,era3,0.95
ArtSimpleExample,28,Simple_1,era2,0.7999999999999998
ArtSimpleExample,28,Simple_1,era1,0.5499999999999999
ArtSimpleExample,28,Cheating_1,era9,0.8499999999999999
ArtSimpleExample,28,Cheating_1,era8,0.9500000000000003
ArtSimpleExample,28,Cheating_1,era7,0.44999999999999996
ArtSimpleExample,28,Cheating_1,era6,0.9
ArtSimpleExample,28,Cheating_1,era5,0.35000000000000003
ArtSimpleExample,28,Cheating_1,era10,0.55
ArtSimpleExample,28,Cheating_1,era4,1.0
ArtSimpleExample,28,Cheating_1,era3,0.35
ArtSimpleExample,28,Cheating_1,era2,0.3
ArtSimpleExample,28,Cheating_1,era1,0.9500000000000001
ArtSimpleExample,28,ForTrust,era9,0.65
ArtSimpleExample,28,ForTrust,era8,0.6999999999999998
ArtSimpleExample,28,ForTrust,era7,0.2
ArtSimpleExample,28,ForTrust,era6,0.95
ArtSimpleExample,28,ForTrust,era5,0.35000000000000003
ArtSimpleExample,28,ForTrust,era10,0.6
ArtSimpleExample,28,ForTrust,era4,0.95
ArtSimpleExample,28,ForTrust,era3,0.95
ArtSimpleExample,28,ForTrust,era2,0.55
ArtSimpleExample,28,ForTrust,era1,0.7500000000000001
ArtSimpleExample,28,Lazy_2,era9,0.6999999999999998
ArtSimpleExample,28,Lazy_2,era8,0.2
ArtSimpleExample,28,Lazy_2,era7,0.9
ArtSimpleExample,28,Lazy_2,era6,0.6500000000000001
ArtSimpleExample,28,Lazy_2,era5,0.5499999999999999
ArtSimpleExample,28,Lazy_2,era10,0.45
ArtSimpleExample,28,Lazy_2,era4,0.8000000000000002
ArtSimpleExample,28,Lazy_2,era3,0.7999999999999998
ArtSimpleExample,28,Lazy_2,era2,0.6
ArtSimpleExample,28,Lazy_2,era1,1.0
ArtSimpleExample,28,Lazy_1,era9,0.35
ArtSimpleExample,28,Lazy_1,era8,1.0
ArtSimpleExample,28,Lazy_1,era7,0.6000000000000001
ArtSimpleExample,28,Lazy_1,era6,1.0
ArtSimpleExample,28,Lazy_1,era5,0.25
ArtSimpleExample,28,Lazy_1,era10,0.39999999999999997
ArtSimpleExample,28,Lazy_1,era4,0.95
ArtSimpleExample,28,Lazy_1,era3,0.44999999999999996
ArtSimpleExample,28,Lazy_1,era2,0.8999999999999999
ArtSimpleExample,28,Lazy_1,era1,0.7500000000000002
ArtSimpleExample,29,Simple_2,era9,0.2
ArtSimpleExample,29,Simple_2,era8,1.0
ArtSimpleExample,29,Simple_2,era7,0.3
ArtSimpleExample,29,Simple_2,era6,0.5
ArtSimpleExample,29,Simple_2,era5,0.8499999999999999
ArtSimpleExample,29,Simple_2,era10,0.7500000000000001
ArtSimpleExample,29,Simple_2,era4,0.95
ArtSimpleExample,29,Simple_2,era3,0.45
ArtSimpleExample,29,Simple_2,era2,0.8999999999999999
ArtSimpleExample,29,Simple_2,era1,0.7500000000000001
ArtSimpleExample,29,Cheating_2,era9,0.49999999999999994
ArtSimpleExample,29,Cheating_2,era8,0.95
ArtSimpleExample,29,Cheating_2,era7,1.0
ArtSimpleExample,29,Cheating_2,era6,0.8999999999999999
ArtSimpleExample,29,Cheating_2,era5,0.6
ArtSimpleExample,29,Cheating_2,era10,0.45
ArtSimpleExample,29,Cheating_2,era4,0.85
ArtSimpleExample,29,Cheating_2,era3,0.8000000000000002
ArtSimpleExample,29,Cheating_2,era2,0.10000000000000002
ArtSimpleExample,29,Cheating_2,era1,0.5
ArtSimpleExample,29,Simple_1,era9,0.9500000000000001
ArtSimpleExample,29,Simple_1,era8,0.6999999999999997
ArtSimpleExample,29,Simple_1,era7,0.55
ArtSimpleExample,29,Simple_1,era6,0.6000000000000001
ArtSimpleExample,29,Simple_1,era5,0.15000000000000002
ArtSimpleExample,29,Simple_1,era10,0.5499999999999999
ArtSimpleExample,29,Simple_1,era4,0.9000000000000002
ArtSimpleExample,29,Simple_1,era3,0.95
ArtSimpleExample,29,Simple_1,era2,0.7999999999999998
ArtSimpleExample,29,Simple_1,era1,0.5499999999999999
ArtSimpleExample,29,Cheating_1,era9,0.7999999999999998
ArtSimpleExample,29,Cheating_1,era8,0.9500000000000003
ArtSimpleExample,29,Cheating_1,era7,0.44999999999999996
ArtSimpleExample,29,Cheating_1,era6,0.9
ArtSimpleExample,29,Cheating_1,era5,0.4
ArtSimpleExample,29,Cheating_1,era10,0.55
ArtSimpleExample,29,Cheating_1,era4,1.0
ArtSimpleExample,29,Cheating_1,era3,0.35
ArtSimpleExample,29,Cheating_1,era2,0.3
ArtSimpleExample,29,Cheating_1,era1,0.9500000000000001
ArtSimpleExample,29,ForTrust,era9,0.65
ArtSimpleExample,29,ForTrust,era8,0.6999999999999998
ArtSimpleExample,29,ForTrust,era7,0.25
ArtSimpleExample,29,ForTrust,era6,1.0
ArtSimpleExample,29,ForTrust,era5,0.30000000000000004
ArtSimpleExample,29,ForTrust,era10,0.6
ArtSimpleExample,29,ForTrust,era4,0.95
ArtSimpleExample,29,ForTrust,era3,0.95
ArtSimpleExample,29,ForTrust,era2,0.55
ArtSimpleExample,29,ForTrust,era1,0.7000000000000001
ArtSimpleExample,29,Lazy_2,era9,0.6999999999999998
ArtSimpleExample,29,Lazy_2,era8,0.2
ArtSimpleExample,29,Lazy_2,era7,0.9500000000000001
ArtSimpleExample,29,Lazy_2,era6,0.7000000000000002
ArtSimpleExample,29,Lazy_2,era5,0.49999999999999994
ArtSimpleExample,29,Lazy_2,era10,0.45
ArtSimpleExample,29,Lazy_2,era4,0.7500000000000001
ArtSimpleExample,29,Lazy_2,era3,0.7999999999999998
ArtSimpleExample,29,Lazy_2,era2,0.6
ArtSimpleExample,29,Lazy_2,era1,1.0
ArtSimpleExample,29,Lazy_1,era9,0.35
ArtSimpleExample,29,Lazy_1,era8,0.95
ArtSimpleExample,29,Lazy_1,era7,0.6000000000000001
ArtSimpleExample,29,Lazy_1,era6,1.0
ArtSimpleExample,29,Lazy_1,era5,0.3
ArtSimpleExample,29,Lazy_1,era10,0.39999999999999997
ArtSimpleExample,29,Lazy_1,era4,1.0
ArtSimpleExample,29,Lazy_1,era3,0.39999999999999997
ArtSimpleExample,29,Lazy_1,era2,0.8999999999999999
ArtSimpleExample,29,Lazy_1,era1,0.7500000000000002
ArtSimpleExample,30,Simple_2,era9,0.2
ArtSimpleExample,30,Simple_2,era8,1.0
ArtSimpleExample,30,Simple_2,era7,0.3
ArtSimpleExample,30,Simple_2,era6,0.55
ArtSimpleExample,30,Simple_2,era5,0.7999999999999998
ArtSimpleExample,30,Simple_2,era10,0.7500000000000001
ArtSimpleExample,30,Simple_2,era4,0.95
ArtSimpleExample,30,Simple_2,era3,0.5
ArtSimpleExample,30,Simple_2,era2,0.8999999999999999
ArtSimpleExample,30,Simple_2,era1,0.7000000000000001
ArtSimpleExample,30,Cheating_2,era9,0.5499999999999999
ArtSimpleExample,30,Cheating_2,era8,1.0
ArtSimpleExample,30,Cheating_2,era7,1.0
ArtSimpleExample,30,Cheating_2,era6,0.8999999999999999
ArtSimpleExample,30,Cheating_2,era5,0.5499999999999999
ArtSimpleExample,30,Cheating_2,era10,0.45
ArtSimpleExample,30,Cheating_2,era4,0.7999999999999999
ArtSimpleExample,30,Cheating_2,era3,0.8000000000000002
ArtSimpleExample,30,Cheating_2,era2,0.10000000000000002
ArtSimpleExample,30,Cheating_2,era1,0.5
ArtSimpleExample,30,Simple_1,era9,1.0
ArtSimpleExample,30,Simple_1,era8,0.6999999999999997
ArtSimpleExample,30,Simple_1,era7,0.55
ArtSimpleExample,30,Simple_1,era6,0.6000000000000001
ArtSimpleExample,30,Simple_1,era5,0.10000000000000002
ArtSimpleExample,30,Simple_1,era10,0.5499999999999999
ArtSimpleExample,30,Simple_1,era4,0.9000000000000002
ArtSimpleExample,30,Simple_1,era3,0.95
ArtSimpleExample,30,Simple_1,era2,0.7499999999999998
ArtSimpleExample,30,Simple_1,era1,0.6
ArtSimpleExample,30,Cheating_1,era9,0.7499999999999998
ArtSimpleExample,30,Cheating_1,era8,0.9500000000000003
ArtSimpleExample,30,Cheating_1,era7,0.44999999999999996
ArtSimpleExample,30,Cheating_1,era6,0.9500000000000001
ArtSimpleExample,30,Cheating_1,era5,0.4
ArtSimpleExample,30,Cheating_1,era10,0.6000000000000001
ArtSimpleExample,30,Cheating_1,era4,1.0
ArtSimpleExample,30,Cheating_1,era3,0.35
ArtSimpleExample,30,Cheating_1,era2,0.25
ArtSimpleExample,30,Cheating_1,era1,0.9500000000000001
ArtSimpleExample,30,ForTrust,era9,0.7000000000000001
ArtSimpleExample,30,ForTrust,era8,0.6999999999999998
ArtSimpleExample,30,ForTrust,era7,0.25
ArtSimpleExample,30,ForTrust,era6,1.0
ArtSimpleExample,30,ForTrust,era5,0.35000000000000003
ArtSimpleExample,30,ForTrust,era10,0.6
ArtSimpleExample,30,ForTrust,era4,0.8999999999999999
ArtSimpleExample,30,ForTrust,era3,0.8999999999999999
ArtSimpleExample,30,ForTrust,era2,0.55
ArtSimpleExample,30,ForTrust,era1,0.7000000000000001
ArtSimpleExample,30,Lazy_2,era9,0.6999999999999998
ArtSimpleExample,30,Lazy_2,era8,0.2
ArtSimpleExample,30,Lazy_2,era7,0.9500000000000001
ArtSimpleExample,30,Lazy_2,era6,0.6500000000000001
ArtSimpleExample,30,Lazy_2,era5,0.49999999999999994
ArtSimpleExample,30,Lazy_2,era10,0.45
ArtSimpleExample,30,Lazy_2,era4,0.7500000000000001
ArtSimpleExample,30,Lazy_2,era3,0.7999999999999998
ArtSimpleExample,30,Lazy_2,era2,0.65
ArtSimpleExample,30,Lazy_2,era1,1.0
ArtSimpleExample,30,Lazy_1,era9,0.35
ArtSimpleExample,30,Lazy_1,era8,0.95
ArtSimpleExample,30,Lazy_1,era7,0.6000000000000001
ArtSimpleExample,30,Lazy_1,era6,0.95
ArtSimpleExample,30,Lazy_1,era5,0.3
ArtSimpleExample,30,Lazy_1,era10,0.39999999999999997
ArtSimpleExample,30,Lazy_1,era4,1.0
ArtSimpleExample,30,Lazy_1,era3,0.49999999999999994
ArtSimpleExample,30,Lazy_1,era2,0.8999999999999999
ArtSimpleExample,30,Lazy_1,era1,0.7000000000000002
ArtSimpleExample,31,Simple_2,era9,0.25
ArtSimpleExample,31,Simple_2,era8,1.0
ArtSimpleExample,31,Simple_2,era7,0.3
ArtSimpleExample,31,Simple_2,era6,0.55
ArtSimpleExample,31,Simple_2,era5,0.7999999999999998
ArtSimpleExample,31,Simple_2,era10,0.7500000000000001
ArtSimpleExample,31,Simple_2,era4,1.0
ArtSimpleExample,31,Simple_2,era3,0.5
ArtSimpleExample,31,Simple_2,era2,0.8499999999999999
ArtSimpleExample,31,Simple_2,era1,0.65
ArtSimpleExample,31,Cheating_2,era9,0.5499999999999999
ArtSimpleExample,31,Cheating_2,era8,1.0
ArtSimpleExample,31,Cheating_2,era7,0.95
ArtSimpleExample,31,Cheating_2,era6,0.8499999999999999
ArtSimpleExample,31,Cheating_2,era5,0.6
ArtSimpleExample,31,Cheating_2,era10,0.5
ArtSimpleExample,31,Cheating_2,era4,0.7999999999999999
ArtSimpleExample,31,Cheating_2,era3,0.8000000000000002
ArtSimpleExample,31,Cheating_2,era2,0.10000000000000002
ArtSimpleExample,31,Cheating_2,era1,0.5
ArtSimpleExample,31,Simple_1,era9,1.0
ArtSimpleExample,31,Simple_1,era8,0.7499999999999998
ArtSimpleExample,31,Simple_1,era7,0.55
ArtSimpleExample,31,Simple_1,era6,0.6000000000000001
ArtSimpleExample,31,Simple_1,era5,0.10000000000000002
ArtSimpleExample,31,Simple_1,era10,0.49999999999999994
ArtSimpleExample,31,Simple_1,era4,0.9000000000000002
ArtSimpleExample,31,Simple_1,era3,0.8999999999999999
ArtSimpleExample,31,Simple_1,era2,0.7999999999999998
ArtSimpleExample,31,Simple_1,era1,0.6
ArtSimpleExample,31,Cheating_1,era9,0.7999999999999998
ArtSimpleExample,31,Cheating_1,era8,0.9500000000000003
ArtSimpleExample,31,Cheating_1,era7,0.44999999999999996
ArtSimpleExample,31,Cheating_1,era6,0.9
ArtSimpleExample,31,Cheating_1,era5,0.4
ArtSimpleExample,31,Cheating_1,era10,0.6000000000000001
ArtSimpleExample,31,Cheating_1,era4,1.0
ArtSimpleExample,31,Cheating_1,era3,0.35
ArtSimpleExample,31,Cheating_1,era2,0.25
ArtSimpleExample,31,Cheating_1,era1,0.9500000000000001
ArtSimpleExample,31,ForTrust,era9,0.7000000000000001
ArtSimpleExample,31,ForTrust,era8,0.6999999999999998
ArtSimpleExample,31,ForTrust,era7,0.2
ArtSimpleExample,31,ForTrust,era6,1.0
ArtSimpleExample,31,ForTrust,era5,0.4
ArtSimpleExample,31,ForTrust,era10,0.6
ArtSimpleExample,31,ForTrust,era4,0.95
ArtSimpleExample,31,ForTrust,era3,0.8499999999999999
ArtSimpleExample,31,ForTrust,era2,0.55
ArtSimpleExample,31,ForTrust,era1,0.7000000000000001
ArtSimpleExample,31,Lazy_2,era9,0.6999999999999998
ArtSimpleExample,31,Lazy_2,era8,0.2
ArtSimpleExample,31,Lazy_2,era7,0.9500000000000001
ArtSimpleExample,31,Lazy_2,era6,0.7000000000000002
ArtSimpleExample,31,Lazy_2,era5,0.44999999999999996
ArtSimpleExample,31,Lazy_2,era10,0.45
ArtSimpleExample,31,Lazy_2,era4,0.7500000000000001
ArtSimpleExample,31,Lazy_2,era3,0.7999999999999998
ArtSimpleExample,31,Lazy_2,era2,0.65
ArtSimpleExample,31,Lazy_2,era1,1.0
ArtSimpleExample,31,Lazy_1,era9,0.35
ArtSimpleExample,31,Lazy_1,era8,0.95
ArtSimpleExample,31,Lazy_1,era7,0.6500000000000001
ArtSimpleExample,31,Lazy_1,era6,1.0
ArtSimpleExample,31,Lazy_1,era5,0.25
ArtSimpleExample,31,Lazy_1,era10,0.39999999999999997
ArtSimpleExample,31,Lazy_1,era4,1.0
ArtSimpleExample,31,Lazy_1,era3,0.49999999999999994
ArtSimpleExample,31,Lazy_1,era2,0.8999999999999999
ArtSimpleExample,31,Lazy_1,era1,0.6500000000000001
ArtSimpleExample,32,Simple_2,era9,0.25
ArtSimpleExample,32,Simple_2,era8,1.0
ArtSimpleExample,32,Simple_2,era7,0.3
ArtSimpleExample,32,Simple_2,era6,0.55
ArtSimpleExample,32,Simple_2,era5,0.7499999999999998
ArtSimpleExample,32,Simple_2,era10,0.7500000000000001
ArtSimpleExample,32,Simple_2,era4,1.0
ArtSimpleExample,32,Simple_2,era3,0.55
ArtSimpleExample,32,Simple_2,era2,0.8499999999999999
ArtSimpleExample,32,Simple_2,era1,0.65
ArtSimpleExample,32,Cheating_2,era9,0.5499999999999999
ArtSimpleExample,32,Cheating_2,era8,1.0
ArtSimpleExample,32,Cheating_2,era7,0.95
ArtSimpleExample,32,Cheating_2,era6,0.7999999999999998
ArtSimpleExample,32,Cheating_2,era5,0.6
ArtSimpleExample,32,Cheating_2,era10,0.45
ArtSimpleExample,32,Cheating_2,era4,0.9
ArtSimpleExample,32,Cheating_2,era3,0.8000000000000002
ArtSimpleExample,32,Cheating_2,era2,0.10000000000000002
ArtSimpleExample,32,Cheating_2,era1,0.5
ArtSimpleExample,32,Simple_1,era9,1.0
ArtSimpleExample,32,Simple_1,era8,0.7499999999999998
ArtSimpleExample,32,Simple_1,era7,0.5
ArtSimpleExample,32,Simple_1,era6,0.55
ArtSimpleExample,32,Simple_1,era5,0.10000000000000002
ArtSimpleExample,32,Simple_1,era10,0.49999999999999994
ArtSimpleExample,32,Simple_1,era4,0.9500000000000003
ArtSimpleExample,32,Simple_1,era3,0.8999999999999999
ArtSimpleExample,32,Simple_1,era2,0.8499999999999999
ArtSimpleExample,32,Simple_1,era1,0.6
ArtSimpleExample,32,Cheating_1,era9,0.8499999999999999
ArtSimpleExample,32,Cheating_1,era8,0.9500000000000003
ArtSimpleExample,32,Cheating_1,era7,0.44999999999999996
ArtSimpleExample,32,Cheating_1,era6,0.85
ArtSimpleExample,32,Cheating_1,era5,0.4
ArtSimpleExample,32,Cheating_1,era10,0.6500000000000001
ArtSimpleExample,32,Cheating_1,era4,0.95
ArtSimpleExample,32,Cheating_1,era3,0.35
ArtSimpleExample,32,Cheating_1,era2,0.25
ArtSimpleExample,32,Cheating_1,era1,0.9500000000000001
ArtSimpleExample,32,ForTrust,era9,0.7000000000000001
ArtSimpleExample,32,ForTrust,era8,0.6999999999999998
ArtSimpleExample,32,ForTrust,era7,0.2
ArtSimpleExample,32,ForTrust,era6,1.0
ArtSimpleExample,32,ForTrust,era5,0.45
ArtSimpleExample,32,ForTrust,era10,0.65
ArtSimpleExample,32,ForTrust,era4,0.8999999999999999
ArtSimpleExample,32,ForTrust,era3,0.8499999999999999
ArtSimpleExample,32,ForTrust,era2,0.5
ArtSimpleExample,32,ForTrust,era1,0.7000000000000001
ArtSimpleExample,32,Lazy_2,era9,0.6999999999999998
ArtSimpleExample,32,Lazy_2,era8,0.2
ArtSimpleExample,32,Lazy_2,era7,0.9500000000000001
ArtSimpleExample,32,Lazy_2,era6,0.6500000000000001
ArtSimpleExample,32,Lazy_2,era5,0.44999999999999996
ArtSimpleExample,32,Lazy_2,era10,0.45
ArtSimpleExample,32,Lazy_2,era4,0.8000000000000002
ArtSimpleExample,32,Lazy_2,era3,0.7999999999999998
ArtSimpleExample,32,Lazy_2,era2,0.65
ArtSimpleExample,32,Lazy_2,era1,1.0
ArtSimpleExample,32,Lazy_1,era9,0.39999999999999997
ArtSimpleExample,32,Lazy_1,era8,0.95
ArtSimpleExample,32,Lazy_1,era7,0.6000000000000001
ArtSimpleExample,32,Lazy_1,era6,1.0
ArtSimpleExample,32,Lazy_1,era5,0.2
ArtSimpleExample,32,Lazy_1,era10,0.39999999999999997
ArtSimpleExample,32,Lazy_1,era4,1.0
ArtSimpleExample,32,Lazy_1,era3,0.5499999999999999
ArtSimpleExample,32,Lazy_1,era2,0.8999999999999999
ArtSimpleExample,32,Lazy_1,era1,0.6500000000000001
ArtSimpleExample,33,Simple_2,era9,0.35
ArtSimpleExample,33,Simple_2,era8,1.0
ArtSimpleExample,33,Simple_2,era7,0.3
ArtSimpleExample,33,Simple_2,era6,0.55
ArtSimpleExample,33,Simple_2,era5,0.7499999999999998
ArtSimpleExample,33,Simple_2,era10,0.65
ArtSimpleExample,33,Simple_2,era4,1.0
ArtSimpleExample,33,Simple_2,era3,0.55
ArtSimpleExample,33,Simple_2,era2,0.8499999999999999
ArtSimpleExample,33,Simple_2,era1,0.65
ArtSimpleExample,33,Cheating_2,era9,0.49999999999999994
ArtSimpleExample,33,Cheating_2,era8,1.0
ArtSimpleExample,33,Cheating_2,era7,1.0
ArtSimpleExample,33,Cheating_2,era6,0.7999999999999998
ArtSimpleExample,33,Cheating_2,era5,0.6
ArtSimpleExample,33,Cheating_2,era10,0.45
ArtSimpleExample,33,Cheating_2,era4,0.9500000000000001
ArtSimpleExample,33,Cheating_2,era3,0.7500000000000001
ArtSimpleExample,33,Cheating_2,era2,0.10000000000000002
ArtSimpleExample,33,Cheating_2,era1,0.5
ArtSimpleExample,33,Simple_1,era9,1.0
ArtSimpleExample,33,Simple_1,era8,0.7499999999999998
ArtSimpleExample,33,Simple_1,era7,0.5
ArtSimpleExample,33,Simple_1,era6,0.55
ArtSimpleExample,33,Simple_1,era5,0.15000000000000002
ArtSimpleExample,33,Simple_1,era10,0.44999999999999996
ArtSimpleExample,33,Simple_1,era4,0.9500000000000003
ArtSimpleExample,33,Simple_1,era3,0.8999999999999999
ArtSimpleExample,33,Simple_1,era2,0.8499999999999999
ArtSimpleExample,33,Simple_1,era1,0.6
ArtSimpleExample,33,Cheating_1,era9,0.8499999999999999
ArtSimpleExample,33,Cheating_1,era8,0.9500000000000003
ArtSimpleExample,33,Cheating_1,era7,0.39999999999999997
ArtSimpleExample,33,Cheating_1,era6,0.9
ArtSimpleExample,33,Cheating_1,era5,0.4
ArtSimpleExample,33,Cheating_1,era10,0.7000000000000002
ArtSimpleExample,33,Cheating_1,era4,0.95
ArtSimpleExample,33,Cheating_1,era3,0.35
ArtSimpleExample,33,Cheating_1,era2,0.25
ArtSimpleExample,33,Cheating_1,era1,0.9
ArtSimpleExample,33,ForTrust,era9,0.7000000000000001
ArtSimpleExample,33,ForTrust,era8,0.6999999999999998
ArtSimpleExample,33,ForTrust,era7,0.15000000000000002
ArtSimpleExample,33,ForTrust,era6,1.0
ArtSimpleExample,33,ForTrust,era5,0.4
ArtSimpleExample,33,ForTrust,era10,0.7000000000000001
ArtSimpleExample,33,ForTrust,era4,0.8999999999999999
ArtSimpleExample,33,ForTrust,era3,0.8999999999999999
ArtSimpleExample,33,ForTrust,era2,0.5
ArtSimpleExample,33,ForTrust,era1,0.7000000000000001
ArtSimpleExample,33,Lazy_2,era9,0.6499999999999998
ArtSimpleExample,33,Lazy_2,era8,0.3
ArtSimpleExample,33,Lazy_2,era7,0.9500000000000001
ArtSimpleExample,33,Lazy_2,era6,0.6500000000000001
ArtSimpleExample,33,Lazy_2,era5,0.44999999999999996
ArtSimpleExample,33,Lazy_2,era10,0.45
ArtSimpleExample,33,Lazy_2,era4,0.8000000000000002
ArtSimpleExample,33,Lazy_2,era3,0.7999999999999998
ArtSimpleExample,33,Lazy_2,era2,0.6
ArtSimpleExample,33,Lazy_2,era1,1.0
ArtSimpleExample,33,Lazy_1,era9,0.39999999999999997
ArtSimpleExample,33,Lazy_1,era8,1.0
ArtSimpleExample,33,Lazy_1,era7,0.6000000000000001
ArtSimpleExample,33,Lazy_1,era6,1.0
ArtSimpleExample,33,Lazy_1,era5,0.15000000000000002
ArtSimpleExample,33,Lazy_1,era10,0.39999999999999997
ArtSimpleExample,33,Lazy_1,era4,1.0
ArtSimpleExample,33,Lazy_1,era3,0.5499999999999999
ArtSimpleExample,33,Lazy_1,era2,0.8999999999999999
ArtSimpleExample,33,Lazy_1,era1,0.6500000000000001
ArtSimpleExample,34,Simple_2,era9,0.35
ArtSimpleExample,34,Simple_2,era8,1.0
ArtSimpleExample,34,Simple_2,era7,0.35
ArtSimpleExample,34,Simple_2,era6,0.6000000000000001
ArtSimpleExample,34,Simple_2,era5,0.6999999999999997
ArtSimpleExample,34,Simple_2,era10,0.65
ArtSimpleExample,34,Simple_2,era4,1.0
ArtSimpleExample,34,Simple_2,era3,0.55
ArtSimpleExample,34,Simple_2,era2,0.8499999999999999
ArtSimpleExample,34,Simple_2,era1,0.6
ArtSimpleExample,34,Cheating_2,era9,0.5499999999999999
ArtSimpleExample,34,Cheating_2,era8,0.95
ArtSimpleExample,34,Cheating_2,era7,1.0
ArtSimpleExample,34,Cheating_2,era6,0.7999999999999998
ArtSimpleExample,34,Cheating_2,era5,0.6
ArtSimpleExample,34,Cheating_2,era10,0.45
ArtSimpleExample,34,Cheating_2,era4,1.0
ArtSimpleExample,34,Cheating_2,era3,0.7000000000000001
ArtSimpleExample,34,Cheating_2,era2,0.10000000000000002
ArtSimpleExample,34,Cheating_2,era1,0.5
ArtSimpleExample,34,Simple_1,era9,1.0
ArtSimpleExample,34,Simple_1,era8,0.7999999999999998
ArtSimpleExample,34,Simple_1,era7,0.5
ArtSimpleExample,34,Simple_1,era6,0.55
ArtSimpleExample,34,Simple_1,era5,0.15000000000000002
ArtSimpleExample,34,Simple_1,era10,0.39999999999999997
ArtSimpleExample,34,Simple_1,era4,0.9500000000000003
ArtSimpleExample,34,Simple_1,era3,0.8999999999999999
ArtSimpleExample,34,Simple_1,era2,0.8499999999999999
ArtSimpleExample,34,Simple_1,era1,0.6
ArtSimpleExample,34,Cheating_1,era9,0.7999999999999998
ArtSimpleExample,34,Cheating_1,era8,0.9500000000000003
ArtSimpleExample,34,Cheating_1,era7,0.39999999999999997
ArtSimpleExample,34,Cheating_1,era6,0.9
ArtSimpleExample,34,Cheating_1,era5,0.35000000000000003
ArtSimpleExample,34,Cheating_1,era10,0.7000000000000002
ArtSimpleExample,34,Cheating_1,era4,1.0
ArtSimpleExample,34,Cheating_1,era3,0.35
ArtSimpleExample,34,Cheating_1,era2,0.3
ArtSimpleExample,34,Cheating_1,era1,0.9
ArtSimpleExample,34,ForTrust,era9,0.65
ArtSimpleExample,34,ForTrust,era8,0.7499999999999999
ArtSimpleExample,34,ForTrust,era7,0.15000000000000002
ArtSimpleExample,34,ForTrust,era6,1.0
ArtSimpleExample,34,ForTrust,era5,0.35000000000000003
ArtSimpleExample,34,ForTrust,era10,0.7500000000000001
ArtSimpleExample,34,ForTrust,era4,0.8999999999999999
ArtSimpleExample,34,ForTrust,era3,0.8999999999999999
ArtSimpleExample,34,ForTrust,era2,0.5
ArtSimpleExample,34,ForTrust,era1,0.7000000000000001
ArtSimpleExample,34,Lazy_2,era9,0.5999999999999998
ArtSimpleExample,34,Lazy_2,era8,0.3
ArtSimpleExample,34,Lazy_2,era7,0.9500000000000001
ArtSimpleExample,34,Lazy_2,era6,0.6500000000000001
ArtSimpleExample,34,Lazy_2,era5,0.49999999999999994
ArtSimpleExample,34,Lazy_2,era10,0.45
ArtSimpleExample,34,Lazy_2,era4,0.8500000000000002
ArtSimpleExample,34,Lazy_2,era3,0.7999999999999998
ArtSimpleExample,34,Lazy_2,era2,0.6
ArtSimpleExample,34,Lazy_2,era1,0.95
ArtSimpleExample,34,Lazy_1,era9,0.44999999999999996
ArtSimpleExample,34,Lazy_1,era8,1.0
ArtSimpleExample,34,Lazy_1,era7,0.6000000000000001
ArtSimpleExample,34,Lazy_1,era6,1.0
ArtSimpleExample,34,Lazy_1,era5,0.15000000000000002
ArtSimpleExample,34,Lazy_1,era10,0.39999999999999997
ArtSimpleExample,34,Lazy_1,era4,1.0
ArtSimpleExample,34,Lazy_1,era3,0.49999999999999994
ArtSimpleExample,34,Lazy_1,era2,0.8999999999999999
ArtSimpleExample,34,Lazy_1,era1,0.6500000000000001
ArtSimpleExample,35,Simple_2,era9,0.35
ArtSimpleExample,35,Simple_2,era8,0.95
ArtSimpleExample,35,Simple_2,era7,0.35
ArtSimpleExample,35,Simple_2,era6,0.6500000000000001
ArtSimpleExample,35,Simple_2,era5,0.6999999999999997
ArtSimpleExample,35,Simple_2,era10,0.65
ArtSimpleExample,35,Simple_2,era4,1.0
ArtSimpleExample,35,Simple_2,era3,0.55
ArtSimpleExample,35,Simple_2,era2,0.8499999999999999
ArtSimpleExample,35,Simple_2,era1,0.6
ArtSimpleExample,35,Cheating_2,era9,0.5499999999999999
ArtSimpleExample,35,Cheating_2,era8,0.95
ArtSimpleExample,35,Cheating_2,era7,0.95
ArtSimpleExample,35,Cheating_2,era6,0.8499999999999999
ArtSimpleExample,35,Cheating_2,era5,0.6
ArtSimpleExample,35,Cheating_2,era10,0.45
ArtSimpleExample,35,Cheating_2,era4,1.0
ArtSimpleExample,35,Cheating_2,era3,0.7000000000000001
ArtSimpleExample,35,Cheating_2,era2,0.15000000000000002
ArtSimpleExample,35,Cheating_2,era1,0.45
ArtSimpleExample,35,Simple_1,era9,1.0
ArtSimpleExample,35,Simple_1,era8,0.7499999999999998
ArtSimpleExample,35,Simple_1,era7,0.45
ArtSimpleExample,35,Simple_1,era6,0.55
ArtSimpleExample,35,Simple_1,era5,0.15000000000000002
ArtSimpleExample,35,Simple_1,era10,0.39999999999999997
ArtSimpleExample,35,Simple_1,era4,1.0
ArtSimpleExample,35,Simple_1,era3,0.95
ArtSimpleExample,35,Simple_1,era2,0.8499999999999999
ArtSimpleExample,35,Simple_1,era1,0.6
ArtSimpleExample,35,Cheating_1,era9,0.7999999999999998
ArtSimpleExample,35,Cheating_1,era8,0.9500000000000003
ArtSimpleExample,35,Cheating_1,era7,0.44999999999999996
ArtSimpleExample,35,Cheating_1,era6,0.85
ArtSimpleExample,35,Cheating_1,era5,0.30000000000000004
ArtSimpleExample,35,Cheating_1,era10,0.7000000000000002
ArtSimpleExample,35,Cheating_1,era4,1.0
ArtSimpleExample,35,Cheating_1,era3,0.39999999999999997
ArtSimpleExample,35,Cheating_1,era2,0.3
ArtSimpleExample,35,Cheating_1,era1,0.9
ArtSimpleExample,35,ForTrust,era9,0.65
ArtSimpleExample,35,ForTrust,era8,0.7999999999999999
ArtSimpleExample,35,ForTrust,era7,0.15000000000000002
ArtSimpleExample,35,ForTrust,era6,1.0
ArtSimpleExample,35,ForTrust,era5,0.35000000000000003
ArtSimpleExample,35,ForTrust,era10,0.7500000000000001
ArtSimpleExample,35,ForTrust,era4,0.8999999999999999
ArtSimpleExample,35,ForTrust,era3,0.8499999999999999
ArtSimpleExample,35,ForTrust,era2,0.5
ArtSimpleExample,35,ForTrust,era1,0.7000000000000001
ArtSimpleExample,35,Lazy_2,era9,0.6499999999999998
ArtSimpleExample,35,Lazy_2,era8,0.3
ArtSimpleExample,35,Lazy_2,era7,0.9500000000000001
ArtSimpleExample,35,Lazy_2,era6,0.6500000000000001
ArtSimpleExample,35,Lazy_2,era5,0.49999999999999994
ArtSimpleExample,35,Lazy_2,era10,0.4
ArtSimpleExample,35,Lazy_2,era4,0.8500000000000002
ArtSimpleExample,35,Lazy_2,era3,0.7499999999999998
ArtSimpleExample,35,Lazy_2,era2,0.65
ArtSimpleExample,35,Lazy_2,era1,0.95
ArtSimpleExample,35,Lazy_1,era9,0.39999999999999997
ArtSimpleExample,35,Lazy_1,era8,1.0
ArtSimpleExample,35,Lazy_1,era7,0.6000000000000001
ArtSimpleExample,35,Lazy_1,era6,1.0
ArtSimpleExample,35,Lazy_1,era5,0.2
ArtSimpleExample,35,Lazy_1,era10,0.39999999999999997
ArtSimpleExample,35,Lazy_1,era4,1.0
ArtSimpleExample,35,Lazy_1,era3,0.49999999999999994
ArtSimpleExample,35,Lazy_1,era2,0.8999999999999999
ArtSimpleExample,35,Lazy_1,era1,0.6500000000000001
ArtSimpleExample,36,Simple_2,era9,0.35
ArtSimpleExample,36,Simple_2,era8,0.95
ArtSimpleExample,36,Simple_2,era7,0.39999999999999997
ArtSimpleExample,36,Simple_2,era6,0.7000000000000002
ArtSimpleExample,36,Simple_2,era5,0.6499999999999997
ArtSimpleExample,36,Simple_2,era10,0.6
ArtSimpleExample,36,Simple_2,era4,1.0
ArtSimpleExample,36,Simple_2,era3,0.55
ArtSimpleExample,36,Simple_2,era2,0.8499999999999999
ArtSimpleExample,36,Simple_2,era1,0.6
ArtSimpleExample,36,Cheating_2,era9,0.5499999999999999
ArtSimpleExample,36,Cheating_2,era8,0.95
ArtSimpleExample,36,Cheating_2,era7,1.0
ArtSimpleExample,36,Cheating_2,era6,0.8499999999999999
ArtSimpleExample,36,Cheating_2,era5,0.6
ArtSimpleExample,36,Cheating_2,era10,0.45
ArtSimpleExample,36,Cheating_2,era4,0.95
ArtSimpleExample,36,Cheating_2,era3,0.7000000000000001
ArtSimpleExample,36,Cheating_2,era2,0.15000000000000002
ArtSimpleExample,36,Cheating_2,era1,0.45
ArtSimpleExample,36,Simple_1,era9,1.0
ArtSimpleExample,36,Simple_1,era8,0.7499999999999998
ArtSimpleExample,36,Simple_1,era7,0.45
ArtSimpleExample,36,Simple_1,era6,0.5
ArtSimpleExample,36,Simple_1,era5,0.15000000000000002
ArtSimpleExample,36,Simple_1,era10,0.39999999999999997
ArtSimpleExample,36,Simple_1,era4,1.0
ArtSimpleExample,36,Simple_1,era3,0.95
ArtSimpleExample,36,Simple_1,era2,0.8499999999999999
ArtSimpleExample,36,Simple_1,era1,0.65
ArtSimpleExample,36,Cheating_1,era9,0.7999999999999998
ArtSimpleExample,36,Cheating_1,era8,0.9500000000000003
ArtSimpleExample,36,Cheating_1,era7,0.39999999999999997
ArtSimpleExample,36,Cheating_1,era6,0.85
ArtSimpleExample,36,Cheating_1,era5,0.30000000000000004
ArtSimpleExample,36,Cheating_1,era10,0.6500000000000001
ArtSimpleExample,36,Cheating_1,era4,1.0
ArtSimpleExample,36,Cheating_1,era3,0.44999999999999996
ArtSimpleExample,36,Cheating_1,era2,0.3
ArtSimpleExample,36,Cheating_1,era1,0.9500000000000001
ArtSimpleExample,36,ForTrust,era9,0.65
ArtSimpleExample,36,ForTrust,era8,0.85
ArtSimpleExample,36,ForTrust,era7,0.2
ArtSimpleExample,36,ForTrust,era6,1.0
ArtSimpleExample,36,ForTrust,era5,0.30000000000000004
ArtSimpleExample,36,ForTrust,era10,0.7500000000000001
ArtSimpleExample,36,ForTrust,era4,0.8999999999999999
ArtSimpleExample,36,ForTrust,era3,0.8499999999999999
ArtSimpleExample,36,ForTrust,era2,0.5
ArtSimpleExample,36,ForTrust,era1,0.65
ArtSimpleExample,36,Lazy_2,era9,0.6999999999999998
ArtSimpleExample,36,Lazy_2,era8,0.35
ArtSimpleExample,36,Lazy_2,era7,0.9500000000000001
ArtSimpleExample,36,Lazy_2,era6,0.6500000000000001
ArtSimpleExample,36,Lazy_2,era5,0.49999999999999994
ArtSimpleExample,36,Lazy_2,era10,0.4
ArtSimpleExample,36,Lazy_2,era4,0.8500000000000002
ArtSimpleExample,36,Lazy_2,era3,0.6999999999999997
ArtSimpleExample,36,Lazy_2,era2,0.65
ArtSimpleExample,36,Lazy_2,era1,0.8999999999999999
ArtSimpleExample,36,Lazy_1,era9,0.44999999999999996
ArtSimpleExample,36,Lazy_1,era8,1.0
ArtSimpleExample,36,Lazy_1,era7,0.55
ArtSimpleExample,36,Lazy_1,era6,1.0
ArtSimpleExample,36,Lazy_1,era5,0.2
ArtSimpleExample,36,Lazy_1,era10,0.39999999999999997
ArtSimpleExample,36,Lazy_1,era4,0.95
ArtSimpleExample,36,Lazy_1,era3,0.49999999999999994
ArtSimpleExample,36,Lazy_1,era2,0.8999999999999999
ArtSimpleExample,36,Lazy_1,era1,0.7000000000000002
ArtSimpleExample,37,Simple_2,era9,0.35
ArtSimpleExample,37,Simple_2,era8,0.95
ArtSimpleExample,37,Simple_2,era7,0.35
ArtSimpleExample,37,Simple_2,era6,0.7500000000000002
ArtSimpleExample,37,Simple_2,era5,0.6499999999999997
ArtSimpleExample,37,Simple_2,era10,0.6
ArtSimpleExample,37,Simple_2,era4,1.0
ArtSimpleExample,37,Simple_2,era3,0.55
ArtSimpleExample,37,Simple_2,era2,0.8499999999999999
ArtSimpleExample,37,Simple_2,era1,0.6
ArtSimpleExample,37,Cheating_2,era9,0.5499999999999999
ArtSimpleExample,37,Cheating_2,era8,1.0
ArtSimpleExample,37,Cheating_2,era7,0.95
ArtSimpleExample,37,Cheating_2,era6,0.8999999999999999
ArtSimpleExample,37,Cheating_2,era5,0.6
ArtSimpleExample,37,Cheating_2,era10,0.45
ArtSimpleExample,37,Cheating_2,era4,0.95
ArtSimpleExample,37,Cheating_2,era3,0.65
ArtSimpleExample,37,Cheating_2,era2,0.15000000000000002
ArtSimpleExample,37,Cheating_2,era1,0.45
ArtSimpleExample,37,Simple_1,era9,1.0
ArtSimpleExample,37,Simple_1,era8,0.7499999999999998
ArtSimpleExample,37,Simple_1,era7,0.45
ArtSimpleExample,37,Simple_1,era6,0.5
ArtSimpleExample,37,Simple_1,era5,0.15000000000000002
ArtSimpleExample,37,Simple_1,era10,0.35
ArtSimpleExample,37,Simple_1,era4,1.0
ArtSimpleExample,37,Simple_1,era3,0.95
ArtSimpleExample,37,Simple_1,era2,0.8499999999999999
ArtSimpleExample,37,Simple_1,era1,0.7000000000000001
ArtSimpleExample,37,Cheating_1,era9,0.7999999999999998
ArtSimpleExample,37,Cheating_1,era8,0.9500000000000003
ArtSimpleExample,37,Cheating_1,era7,0.44999999999999996
ArtSimpleExample,37,Cheating_1,era6,0.7999999999999999
ArtSimpleExample,37,Cheating_1,era5,0.35000000000000003
ArtSimpleExample,37,Cheating_1,era10,0.6500000000000001
ArtSimpleExample,37,Cheating_1,era4,1.0
ArtSimpleExample,37,Cheating_1,era3,0.39999999999999997
ArtSimpleExample,37,Cheating_1,era2,0.3
ArtSimpleExample,37,Cheating_1,era1,0.9500000000000001
ArtSimpleExample,37,ForTrust,era9,0.6
ArtSimpleExample,37,ForTrust,era8,0.85
ArtSimpleExample,37,ForTrust,era7,0.15000000000000002
ArtSimpleExample,37,ForTrust,era6,1.0
ArtSimpleExample,37,ForTrust,era5,0.30000000000000004
ArtSimpleExample,37,ForTrust,era10,0.8000000000000002
ArtSimpleExample,37,ForTrust,era4,0.8999999999999999
ArtSimpleExample,37,ForTrust,era3,0.8499999999999999
ArtSimpleExample,37,ForTrust,era2,0.55
ArtSimpleExample,37,ForTrust,era1,0.65
ArtSimpleExample,37,Lazy_2,era9,0.6999999999999998
ArtSimpleExample,37,Lazy_2,era8,0.35
ArtSimpleExample,37,Lazy_2,era7,0.9500000000000001
ArtSimpleExample,37,Lazy_2,era6,0.6500000000000001
ArtSimpleExample,37,Lazy_2,era5,0.49999999999999994
ArtSimpleExample,37,Lazy_2,era10,0.4
ArtSimpleExample,37,Lazy_2,era4,0.8500000000000002
ArtSimpleExample,37,Lazy_2,era3,0.6499999999999997
ArtSimpleExample,37,Lazy_2,era2,0.65
ArtSimpleExample,37,Lazy_2,era1,0.95
ArtSimpleExample,37,Lazy_1,era9,0.44999999999999996
ArtSimpleExample,37,Lazy_1,era8,1.0
ArtSimpleExample,37,Lazy_1,era7,0.55
ArtSimpleExample,37,Lazy_1,era6,1.0
ArtSimpleExample,37,Lazy_1,era5,0.2
ArtSimpleExample,37,Lazy_1,era10,0.44999999999999996
ArtSimpleExample,37,Lazy_1,era4,0.8999999999999999
ArtSimpleExample,37,Lazy_1,era3,0.49999999999999994
ArtSimpleExample,37,Lazy_1,era2,0.8499999999999999
ArtSimpleExample,37,Lazy_1,era1,0.7500000000000002
ArtSimpleExample,38,Simple_2,era9,0.3
ArtSimpleExample,38,Simple_2,era8,0.95
ArtSimpleExample,38,Simple_2,era7,0.35
ArtSimpleExample,38,Simple_2,era6,0.8000000000000003
ArtSimpleExample,38,Simple_2,era5,0.6999999999999997
ArtSimpleExample,38,Simple_2,era10,0.6
ArtSimpleExample,38,Simple_2,era4,0.95
ArtSimpleExample,38,Simple_2,era3,0.55
ArtSimpleExample,38,Simple_2,era2,0.8499999999999999
ArtSimpleExample,38,Simple_2,era1,0.6
ArtSimpleExample,38,Cheating_2,era9,0.5499999999999999
ArtSimpleExample,38,Cheating_2,era8,1.0
ArtSimpleExample,38,Cheating_2,era7,0.95
ArtSimpleExample,38,Cheating_2,era6,0.8499999999999999
ArtSimpleExample,38,Cheating_2,era5,0.6
ArtSimpleExample,38,Cheating_2,era10,0.45
ArtSimpleExample,38,Cheating_2,era4,0.95
ArtSimpleExample,38,Cheating_2,era3,0.7000000000000001
ArtSimpleExample,38,Cheating_2,era2,0.15000000000000002
ArtSimpleExample,38,Cheating_2,era1,0.45
ArtSimpleExample,38,Simple_1,era9,1.0
ArtSimpleExample,38,Simple_1,era8,0.6999999999999997
ArtSimpleExample,38,Simple_1,era7,0.45
ArtSimpleExample,38,Simple_1,era6,0.5
ArtSimpleExample,38,Simple_1,era5,0.15000000000000002
ArtSimpleExample,38,Simple_1,era10,0.35
ArtSimpleExample,38,Simple_1,era4,1.0
ArtSimpleExample,38,Simple_1,era3,0.8999999999999999
ArtSimpleExample,38,Simple_1,era2,0.8999999999999999
ArtSimpleExample,38,Simple_1,era1,0.7500000000000001
ArtSimpleExample,38,Cheating_1,era9,0.7999999999999998
ArtSimpleExample,38,Cheating_1,era8,0.9500000000000003
ArtSimpleExample,38,Cheating_1,era7,0.39999999999999997
ArtSimpleExample,38,Cheating_1,era6,0.7999999999999999
ArtSimpleExample,38,Cheating_1,era5,0.30000000000000004
ArtSimpleExample,38,Cheating_1,era10,0.6500000000000001
ArtSimpleExample,38,Cheating_1,era4,1.0
ArtSimpleExample,38,Cheating_1,era3,0.44999999999999996
ArtSimpleExample,38,Cheating_1,era2,0.3
ArtSimpleExample,38,Cheating_1,era1,1.0
ArtSimpleExample,38,ForTrust,era9,0.6
ArtSimpleExample,38,ForTrust,era8,0.7999999999999999
ArtSimpleExample,38,ForTrust,era7,0.15000000000000002
ArtSimpleExample,38,ForTrust,era6,1.0
ArtSimpleExample,38,ForTrust,era5,0.30000000000000004
ArtSimpleExample,38,ForTrust,era10,0.8000000000000002
ArtSimpleExample,38,ForTrust,era4,0.8999999999999999
ArtSimpleExample,38,ForTrust,era3,0.7999999999999998
ArtSimpleExample,38,ForTrust,era2,0.55
ArtSimpleExample,38,ForTrust,era1,0.7500000000000001
ArtSimpleExample,38,Lazy_2,era9,0.6999999999999998
ArtSimpleExample,38,Lazy_2,era8,0.35
ArtSimpleExample,38,Lazy_2,era7,0.9500000000000001
ArtSimpleExample,38,Lazy_2,era6,0.7000000000000002
ArtSimpleExample,38,Lazy_2,era5,0.49999999999999994
ArtSimpleExample,38,Lazy_2,era10,0.35000000000000003
ArtSimpleExample,38,Lazy_2,era4,0.9000000000000002
ArtSimpleExample,38,Lazy_2,era3,0.5999999999999996
ArtSimpleExample,38,Lazy_2,era2,0.65
ArtSimpleExample,38,Lazy_2,era1,0.95
ArtSimpleExample,38,Lazy_1,era9,0.39999999999999997
ArtSimpleExample,38,Lazy_1,era8,1.0
ArtSimpleExample,38,Lazy_1,era7,0.55
ArtSimpleExample,38,Lazy_1,era6,1.0
ArtSimpleExample,38,Lazy_1,era5,0.2
ArtSimpleExample,38,Lazy_1,era10,0.44999999999999996
ArtSimpleExample,38,Lazy_1,era4,0.95
ArtSimpleExample,38,Lazy_1,era3,0.49999999999999994
ArtSimpleExample,38,Lazy_1,era2,0.8499999999999999
ArtSimpleExample,38,Lazy_1,era1,0.7500000000000002
ArtSimpleExample,39,Simple_2,era9,0.3
ArtSimpleExample,39,Simple_2,era8,0.95
ArtSimpleExample,39,Simple_2,era7,0.35
ArtSimpleExample,39,Simple_2,era6,0.8000000000000003
ArtSimpleExample,39,Simple_2,era5,0.6999999999999997
ArtSimpleExample,39,Simple_2,era10,0.6
ArtSimpleExample,39,Simple_2,era4,0.95
ArtSimpleExample,39,Simple_2,era3,0.5
ArtSimpleExample,39,Simple_2,era2,0.8999999999999999
ArtSimpleExample,39,Simple_2,era1,0.6
ArtSimpleExample,39,Cheating_2,era9,0.6
ArtSimpleExample,39,Cheating_2,era8,1.0
ArtSimpleExample,39,Cheating_2,era7,0.8999999999999999
ArtSimpleExample,39,Cheating_2,era6,0.8499999999999999
ArtSimpleExample,39,Cheating_2,era5,0.6
ArtSimpleExample,39,Cheating_2,era10,0.5
ArtSimpleExample,39,Cheating_2,era4,0.8999999999999999
ArtSimpleExample,39,Cheating_2,era3,0.7000000000000001
ArtSimpleExample,39,Cheating_2,era2,0.15000000000000002
ArtSimpleExample,39,Cheating_2,era1,0.45
ArtSimpleExample,39,Simple_1,era9,1.0
ArtSimpleExample,39,Simple_1,era8,0.7499999999999998
ArtSimpleExample,39,Simple_1,era7,0.45
ArtSimpleExample,39,Simple_1,era6,0.5
ArtSimpleExample,39,Simple_1,era5,0.10000000000000002
ArtSimpleExample,39,Simple_1,era10,0.35
ArtSimpleExample,39,Simple_1,era4,1.0
ArtSimpleExample,39,Simple_1,era3,0.8999999999999999
ArtSimpleExample,39,Simple_1,era2,0.8999999999999999
ArtSimpleExample,39,Simple_1,era1,0.7500000000000001
ArtSimpleExample,39,Cheating_1,era9,0.7499999999999998
ArtSimpleExample,39,Cheating_1,era8,0.9500000000000003
ArtSimpleExample,39,Cheating_1,era7,0.39999999999999997
ArtSimpleExample,39,Cheating_1,era6,0.7999999999999999
ArtSimpleExample,39,Cheating_1,era5,0.30000000000000004
ArtSimpleExample,39,Cheating_1,era10,0.7000000000000002
ArtSimpleExample,39,Cheating_1,era4,1.0
ArtSimpleExample,39,Cheating_1,era3,0.49999999999999994
ArtSimpleExample,39,Cheating_1,era2,0.3
ArtSimpleExample,39,Cheating_1,era1,0.95
ArtSimpleExample,39,ForTrust,era9,0.6
ArtSimpleExample,39,ForTrust,era8,0.7499999999999999
ArtSimpleExample,39,ForTrust,era7,0.2
ArtSimpleExample,39,ForTrust,era6,1.0
ArtSimpleExample,39,ForTrust,era5,0.30000000000000004
ArtSimpleExample,39,ForTrust,era10,0.8000000000000002
ArtSimpleExample,39,ForTrust,era4,0.8999999999999999
ArtSimpleExample,39,ForTrust,era3,0.7499999999999998
ArtSimpleExample,39,ForTrust,era2,0.6000000000000001
ArtSimpleExample,39,ForTrust,era1,0.7500000000000001
ArtSimpleExample,39,Lazy_2,era9,0.6999999999999998
ArtSimpleExample,39,Lazy_2,era8,0.3
ArtSimpleExample,39,Lazy_2,era7,0.9
ArtSimpleExample,39,Lazy_2,era6,0.7000000000000002
ArtSimpleExample,39,Lazy_2,era5,0.49999999999999994
ArtSimpleExample,39,Lazy_2,era10,0.35000000000000003
ArtSimpleExample,39,Lazy_2,era4,0.9500000000000003
ArtSimpleExample,39,Lazy_2,era3,0.6499999999999997
ArtSimpleExample,39,Lazy_2,era2,0.65
ArtSimpleExample,39,Lazy_2,era1,0.95
ArtSimpleExample,39,Lazy_1,era9,0.44999999999999996
ArtSimpleExample,39,Lazy_1,era8,1.0
ArtSimpleExample,39,Lazy_1,era7,0.5
ArtSimpleExample,39,Lazy_1,era6,1.0
ArtSimpleExample,39,Lazy_1,era5,0.15000000000000002
ArtSimpleExample,39,Lazy_1,era10,0.49999999999999994
ArtSimpleExample,39,Lazy_1,era4,0.95
ArtSimpleExample,39,Lazy_1,era3,0.49999999999999994
ArtSimpleExample,39,Lazy_1,era2,0.8499999999999999
ArtSimpleExample,39,Lazy_1,era1,0.7500000000000002
ArtSimpleExample,40,Simple_2,era9,0.3
ArtSimpleExample,40,Simple_2,era8,0.8999999999999999
ArtSimpleExample,40,Simple_2,era7,0.3
ArtSimpleExample,40,Simple_2,era6,0.8000000000000003
ArtSimpleExample,40,Simple_2,era5,0.7499999999999998
ArtSimpleExample,40,Simple_2,era10,0.6
ArtSimpleExample,40,Simple_2,era4,0.95
ArtSimpleExample,40,Simple_2,era3,0.55
ArtSimpleExample,40,Simple_2,era2,0.8999999999999999
ArtSimpleExample,40,Simple_2,era1,0.6
ArtSimpleExample,40,Cheating_2,era9,0.5499999999999999
ArtSimpleExample,40,Cheating_2,era8,1.0
ArtSimpleExample,40,Cheating_2,era7,0.95
ArtSimpleExample,40,Cheating_2,era6,0.8999999999999999
ArtSimpleExample,40,Cheating_2,era5,0.5499999999999999
ArtSimpleExample,40,Cheating_2,era10,0.5
ArtSimpleExample,40,Cheating_2,era4,0.8999999999999999
ArtSimpleExample,40,Cheating_2,era3,0.7000000000000001
ArtSimpleExample,40,Cheating_2,era2,0.15000000000000002
ArtSimpleExample,40,Cheating_2,era1,0.45
ArtSimpleExample,40,Simple_1,era9,1.0
ArtSimpleExample,40,Simple_1,era8,0.7499999999999998
ArtSimpleExample,40,Simple_1,era7,0.45
ArtSimpleExample,40,Simple_1,era6,0.45
ArtSimpleExample,40,Simple_1,era5,0.10000000000000002
ArtSimpleExample,40,Simple_1,era10,0.35
ArtSimpleExample,40,Simple_1,era4,0.95
ArtSimpleExample,40,Simple_1,era3,0.8999999999999999
ArtSimpleExample,40,Simple_1,era2,0.95
ArtSimpleExample,40,Simple_1,era1,0.8000000000000002
ArtSimpleExample,40,Cheating_1,era9,0.7999999999999998
ArtSimpleExample,40,Cheating_1,era8,0.9500000000000003
ArtSimpleExample,40,Cheating_1,era7,0.44999999999999996
ArtSimpleExample,40,Cheating_1,era6,0.7999999999999999
ArtSimpleExample,40,Cheating_1,era5,0.25000000000000006
ArtSimpleExample,40,Cheating_1,era10,0.7000000000000002
ArtSimpleExample,40,Cheating_1,era4,1.0
ArtSimpleExample,40,Cheating_1,era3,0.49999999999999994
ArtSimpleExample,40,Cheating_1,era2,0.25
ArtSimpleExample,40,Cheating_1,era1,0.95
ArtSimpleExample,40,ForTrust,era9,0.5499999999999999
ArtSimpleExample,40,ForTrust,era8,0.7499999999999999
ArtSimpleExample,40,ForTrust,era7,0.25
ArtSimpleExample,40,ForTrust,era6,0.95
ArtSimpleExample,40,ForTrust,era5,0.35000000000000003
ArtSimpleExample,40,ForTrust,era10,0.8000000000000002
ArtSimpleExample,40,ForTrust,era4,0.8999999999999999
ArtSimpleExample,40,ForTrust,era3,0.7499999999999998
ArtSimpleExample,40,ForTrust,era2,0.6000000000000001
ArtSimpleExample,40,ForTrust,era1,0.7500000000000001
ArtSimpleExample,40,Lazy_2,era9,0.6499999999999998
ArtSimpleExample,40,Lazy_2,era8,0.3
ArtSimpleExample,40,Lazy_2,era7,0.9
ArtSimpleExample,40,Lazy_2,era6,0.7500000000000002
ArtSimpleExample,40,Lazy_2,era5,0.49999999999999994
ArtSimpleExample,40,Lazy_2,era10,0.35000000000000003
ArtSimpleExample,40,Lazy_2,era4,0.9500000000000003
ArtSimpleExample,40,Lazy_2,era3,0.6499999999999997
ArtSimpleExample,40,Lazy_2,era2,0.65
ArtSimpleExample,40,Lazy_2,era1,0.95
ArtSimpleExample,40,Lazy_1,era9,0.39999999999999997
ArtSimpleExample,40,Lazy_1,era8,1.0
ArtSimpleExample,40,Lazy_1,era7,0.55
ArtSimpleExample,40,Lazy_1,era6,1.0
ArtSimpleExample,40,Lazy_1,era5,0.15000000000000002
ArtSimpleExample,40,Lazy_1,era10,0.49999999999999994
ArtSimpleExample,40,Lazy_1,era4,0.95
ArtSimpleExample,40,Lazy_1,era3,0.49999999999999994
ArtSimpleExample,40,Lazy_1,era2,0.8499999999999999
ArtSimpleExample,40,Lazy_1,era1,0.7500000000000002
ArtSimpleExample,41,Simple_2,era9,0.3
ArtSimpleExample,41,Simple_2,era8,0.8999999999999999
ArtSimpleExample,41,Simple_2,era7,0.35
ArtSimpleExample,41,Simple_2,era6,0.8500000000000003
ArtSimpleExample,41,Simple_2,era5,0.7499999999999998
ArtSimpleExample,41,Simple_2,era10,0.49999999999999994
ArtSimpleExample,41,Simple_2,era4,0.95
ArtSimpleExample,41,Simple_2,era3,0.55
ArtSimpleExample,41,Simple_2,era2,0.8999999999999999
ArtSimpleExample,41,Simple_2,era1,0.6
ArtSimpleExample,41,Cheating_2,era9,0.5499999999999999
ArtSimpleExample,41,Cheating_2,era8,0.95
ArtSimpleExample,41,Cheating_2,era7,0.95
ArtSimpleExample,41,Cheating_2,era6,0.8999999999999999
ArtSimpleExample,41,Cheating_2,era5,0.5499999999999999
ArtSimpleExample,41,Cheating_2,era10,0.5
ArtSimpleExample,41,Cheating_2,era4,0.95
ArtSimpleExample,41,Cheating_2,era3,0.7000000000000001
ArtSimpleExample,41,Cheating_2,era2,0.15000000000000002
ArtSimpleExample,41,Cheating_2,era1,0.45
ArtSimpleExample,41,Simple_1,era9,1.0
ArtSimpleExample,41,Simple_1,era8,0.7999999999999998
ArtSimpleExample,41,Simple_1,era7,0.45
ArtSimpleExample,41,Simple_1,era6,0.5
ArtSimpleExample,41,Simple_1,era5,0.10000000000000002
ArtSimpleExample,41,Simple_1,era10,0.35
ArtSimpleExample,41,Simple_1,era4,0.95
ArtSimpleExample,41,Simple_1,era3,0.8999999999999999
ArtSimpleExample,41,Simple_1,era2,0.8499999999999999
ArtSimpleExample,41,Simple_1,era1,0.8000000000000002
ArtSimpleExample,41,Cheating_1,era9,0.7999999999999998
ArtSimpleExample,41,Cheating_1,era8,0.9500000000000003
ArtSimpleExample,41,Cheating_1,era7,0.39999999999999997
ArtSimpleExample,41,Cheating_1,era6,0.7999999999999999
ArtSimpleExample,41,Cheating_1,era5,0.25000000000000006
ArtSimpleExample,41,Cheating_1,era10,0.7500000000000002
ArtSimpleExample,41,Cheating_1,era4,1.0
ArtSimpleExample,41,Cheating_1,era3,0.49999999999999994
ArtSimpleExample,41,Cheating_1,era2,0.25
ArtSimpleExample,41,Cheating_1,era1,0.95
ArtSimpleExample,41,ForTrust,era9,0.5499999999999999
ArtSimpleExample,41,ForTrust,era8,0.7499999999999999
ArtSimpleExample,41,ForTrust,era7,0.2
ArtSimpleExample,41,ForTrust,era6,0.95
ArtSimpleExample,41,ForTrust,era5,0.30000000000000004
ArtSimpleExample,41,ForTrust,era10,0.8500000000000002
ArtSimpleExample,41,ForTrust,era4,0.8999999999999999
ArtSimpleExample,41,ForTrust,era3,0.7999999999999998
ArtSimpleExample,41,ForTrust,era2,0.6000000000000001
ArtSimpleExample,41,ForTrust,era1,0.7500000000000001
ArtSimpleExample,41,Lazy_2,era9,0.6499999999999998
ArtSimpleExample,41,Lazy_2,era8,0.3
ArtSimpleExample,41,Lazy_2,era7,0.85
ArtSimpleExample,41,Lazy_2,era6,0.7500000000000002
ArtSimpleExample,41,Lazy_2,era5,0.49999999999999994
ArtSimpleExample,41,Lazy_2,era10,0.4
ArtSimpleExample,41,Lazy_2,era4,0.9000000000000002
ArtSimpleExample,41,Lazy_2,era3,0.6499999999999997
ArtSimpleExample,41,Lazy_2,era2,0.7000000000000001
ArtSimpleExample,41,Lazy_2,era1,0.95
ArtSimpleExample,41,Lazy_1,era9,0.39999999999999997
ArtSimpleExample,41,Lazy_1,era8,1.0
ArtSimpleExample,41,Lazy_1,era7,0.55
ArtSimpleExample,41,Lazy_1,era6,1.0
ArtSimpleExample,41,Lazy_1,era5,0.10000000000000002
ArtSimpleExample,41,Lazy_1,era10,0.49999999999999994
ArtSimpleExample,41,Lazy_1,era4,1.0
ArtSimpleExample,41,Lazy_1,era3,0.49999999999999994
ArtSimpleExample,41,Lazy_1,era2,0.8499999999999999
ArtSimpleExample,41,Lazy_1,era1,0.7500000000000002
ArtSimpleExample,42,Simple_2,era9,0.3
ArtSimpleExample,42,Simple_2,era8,0.8999999999999999
ArtSimpleExample,42,Simple_2,era7,0.35
ArtSimpleExample,42,Simple_2,era6,0.8000000000000003
ArtSimpleExample,42,Simple_2,era5,0.7499999999999998
ArtSimpleExample,42,Simple_2,era10,0.49999999999999994
ArtSimpleExample,42,Simple_2,era4,1.0
ArtSimpleExample,42,Simple_2,era3,0.5
ArtSimpleExample,42,Simple_2,era2,0.8999999999999999
ArtSimpleExample,42,Simple_2,era1,0.65
ArtSimpleExample,42,Cheating_2,era9,0.6
ArtSimpleExample,42,Cheating_2,era8,0.95
ArtSimpleExample,42,Cheating_2,era7,0.8499999999999999
ArtSimpleExample,42,Cheating_2,era6,0.95
ArtSimpleExample,42,Cheating_2,era5,0.5499999999999999
ArtSimpleExample,42,Cheating_2,era10,0.5
ArtSimpleExample,42,Cheating_2,era4,0.95
ArtSimpleExample,42,Cheating_2,era3,0.7000000000000001
ArtSimpleExample,42,Cheating_2,era2,0.15000000000000002
ArtSimpleExample,42,Cheating_2,era1,0.45
ArtSimpleExample,42,Simple_1,era9,1.0
ArtSimpleExample,42,Simple_1,era8,0.7999999999999998
ArtSimpleExample,42,Simple_1,era7,0.45
ArtSimpleExample,42,Simple_1,era6,0.5
ArtSimpleExample,42,Simple_1,era5,0.10000000000000002
ArtSimpleExample,42,Simple_1,era10,0.35
ArtSimpleExample,42,Simple_1,era4,1.0
ArtSimpleExample,42,Simple_1,era3,0.8999999999999999
ArtSimpleExample,42,Simple_1,era2,0.8499999999999999
ArtSimpleExample,42,Simple_1,era1,0.7500000000000001
ArtSimpleExample,42,Cheating_1,era9,0.7499999999999998
ArtSimpleExample,42,Cheating_1,era8,0.9500000000000003
ArtSimpleExample,42,Cheating_1,era7,0.39999999999999997
ArtSimpleExample,42,Cheating_1,era6,0.7999999999999999
ArtSimpleExample,42,Cheating_1,era5,0.25000000000000006
ArtSimpleExample,42,Cheating_1,era10,0.8000000000000003
ArtSimpleExample,42,Cheating_1,era4,1.0
ArtSimpleExample,42,Cheating_1,era3,0.49999999999999994
ArtSimpleExample,42,Cheating_1,era2,0.25
ArtSimpleExample,42,Cheating_1,era1,0.95
ArtSimpleExample,42,ForTrust,era9,0.49999999999999994
ArtSimpleExample,42,ForTrust,era8,0.7999999999999999
ArtSimpleExample,42,ForTrust,era7,0.2
ArtSimpleExample,42,ForTrust,era6,1.0
ArtSimpleExample,42,ForTrust,era5,0.25000000000000006
ArtSimpleExample,42,ForTrust,era10,0.8500000000000002
ArtSimpleExample,42,ForTrust,era4,0.8999999999999999
ArtSimpleExample,42,ForTrust,era3,0.7999999999999998
ArtSimpleExample,42,ForTrust,era2,0.6000000000000001
ArtSimpleExample,42,ForTrust,era1,0.7500000000000001
ArtSimpleExample,42,Lazy_2,era9,0.6499999999999998
ArtSimpleExample,42,Lazy_2,era8,0.3
ArtSimpleExample,42,Lazy_2,era7,0.85
ArtSimpleExample,42,Lazy_2,era6,0.7500000000000002
ArtSimpleExample,42,Lazy_2,era5,0.49999999999999994
ArtSimpleExample,42,Lazy_2,era10,0.35000000000000003
ArtSimpleExample,42,Lazy_2,era4,0.9000000000000002
ArtSimpleExample,42,Lazy_2,era3,0.6999999999999997
ArtSimpleExample,42,Lazy_2,era2,0.7000000000000001
ArtSimpleExample,42,Lazy_2,era1,0.95
ArtSimpleExample,42,Lazy_1,era9,0.44999999999999996
ArtSimpleExample,42,Lazy_1,era8,1.0
ArtSimpleExample,42,Lazy_1,era7,0.5
ArtSimpleExample,42,Lazy_1,era6,1.0
ArtSimpleExample,42,Lazy_1,era5,0.10000000000000002
ArtSimpleExample,42,Lazy_1,era10,0.49999999999999994
ArtSimpleExample,42,Lazy_1,era4,1.0
ArtSimpleExample,42,Lazy_1,era3,0.49999999999999994
ArtSimpleExample,42,Lazy_1,era2,0.8499999999999999
ArtSimpleExample,42,Lazy_1,era1,0.7500000000000002
ArtSimpleExample,43,Simple_2,era9,0.3
ArtSimpleExample,43,Simple_2,era8,0.8999999999999999
ArtSimpleExample,43,Simple_2,era7,0.35
ArtSimpleExample,43,Simple_2,era6,0.8000000000000003
ArtSimpleExample,43,Simple_2,era5,0.7499999999999998
ArtSimpleExample,43,Simple_2,era10,0.49999999999999994
ArtSimpleExample,43,Simple_2,era4,0.95
ArtSimpleExample,43,Simple_2,era3,0.5
ArtSimpleExample,43,Simple_2,era2,0.95
ArtSimpleExample,43,Simple_2,era1,0.65
ArtSimpleExample,43,Cheating_2,era9,0.65
ArtSimpleExample,43,Cheating_2,era8,0.8999999999999999
ArtSimpleExample,43,Cheating_2,era7,0.8499999999999999
ArtSimpleExample,43,Cheating_2,era6,0.95
ArtSimpleExample,43,Cheating_2,era5,0.5499999999999999
ArtSimpleExample,43,Cheating_2,era10,0.5
ArtSimpleExample,43,Cheating_2,era4,0.95
ArtSimpleExample,43,Cheating_2,era3,0.7000000000000001
ArtSimpleExample,43,Cheating_2,era2,0.15000000000000002
ArtSimpleExample,43,Cheating_2,era1,0.45
ArtSimpleExample,43,Simple_1,era9,1.0
ArtSimpleExample,43,Simple_1,era8,0.7999999999999998
ArtSimpleExample,43,Simple_1,era7,0.45
ArtSimpleExample,43,Simple_1,era6,0.5
ArtSimpleExample,43,Simple_1,era5,0.15000000000000002
ArtSimpleExample,43,Simple_1,era10,0.35
ArtSimpleExample,43,Simple_1,era4,1.0
ArtSimpleExample,43,Simple_1,era3,0.8499999999999999
ArtSimpleExample,43,Simple_1,era2,0.8499999999999999
ArtSimpleExample,43,Simple_1,era1,0.7500000000000001
ArtSimpleExample,43,Cheating_1,era9,0.7499999999999998
ArtSimpleExample,43,Cheating_1,era8,0.9000000000000002
ArtSimpleExample,43,Cheating_1,era7,0.39999999999999997
ArtSimpleExample,43,Cheating_1,era6,0.7999999999999999
ArtSimpleExample,43,Cheating_1,era5,0.25000000000000006
ArtSimpleExample,43,Cheating_1,era10,0.8000000000000003
ArtSimpleExample,43,Cheating_1,era4,1.0
ArtSimpleExample,43,Cheating_1,era3,0.49999999999999994
ArtSimpleExample,43,Cheating_1,era2,0.25
ArtSimpleExample,43,Cheating_1,era1,1.0
ArtSimpleExample,43,ForTrust,era9,0.5499999999999999
ArtSimpleExample,43,ForTrust,era8,0.85
ArtSimpleExample,43,ForTrust,era7,0.15000000000000002
ArtSimpleExample,43,ForTrust,era6,1.0
ArtSimpleExample,43,ForTrust,era5,0.25000000000000006
ArtSimpleExample,43,ForTrust,era10,0.8500000000000002
ArtSimpleExample,43,ForTrust,era4,0.8499999999999999
ArtSimpleExample,43,ForTrust,era3,0.7999999999999998
ArtSimpleExample,43,ForTrust,era2,0.6000000000000001
ArtSimpleExample,43,ForTrust,era1,0.7500000000000001
ArtSimpleExample,43,Lazy_2,era9,0.6499999999999998
ArtSimpleExample,43,Lazy_2,era8,0.3
ArtSimpleExample,43,Lazy_2,era7,0.85
ArtSimpleExample,43,Lazy_2,era6,0.7500000000000002
ArtSimpleExample,43,Lazy_2,era5,0.49999999999999994
ArtSimpleExample,43,Lazy_2,era10,0.4
ArtSimpleExample,43,Lazy_2,era4,0.9000000000000002
ArtSimpleExample,43,Lazy_2,era3,0.7499999999999998
ArtSimpleExample,43,Lazy_2,era2,0.65
ArtSimpleExample,43,Lazy_2,era1,0.8999999999999999
ArtSimpleExample,43,Lazy_1,era9,0.44999999999999996
ArtSimpleExample,43,Lazy_1,era8,1.0
ArtSimpleExample,43,Lazy_1,era7,0.55
ArtSimpleExample,43,Lazy_1,era6,0.95
ArtSimpleExample,43,Lazy_1,era5,0.10000000000000002
ArtSimpleExample,43,Lazy_1,era10,0.5499999999999999
ArtSimpleExample,43,Lazy_1,era4,1.0
ArtSimpleExample,43,Lazy_1,era3,0.44999999999999996
ArtSimpleExample,43,Lazy_1,era2,0.8499999999999999
ArtSimpleExample,43,Lazy_1,era1,0.7500000000000002
ArtSimpleExample,44,Simple_2,era9,0.25
ArtSimpleExample,44,Simple_2,era8,0.95
ArtSimpleExample,44,Simple_2,era7,0.35
ArtSimpleExample,44,Simple_2,era6,0.8500000000000003
ArtSimpleExample,44,Simple_2,era5,0.7499999999999998
ArtSimpleExample,44,Simple_2,era10,0.49999999999999994
ArtSimpleExample,44,Simple_2,era4,0.95
ArtSimpleExample,44,Simple_2,era3,0.45
ArtSimpleExample,44,Simple_2,era2,0.95
ArtSimpleExample,44,Simple_2,era1,0.65
ArtSimpleExample,44,Cheating_2,era9,0.65
ArtSimpleExample,44,Cheating_2,era8,0.8499999999999999
ArtSimpleExample,44,Cheating_2,era7,0.8999999999999999
ArtSimpleExample,44,Cheating_2,era6,0.95
ArtSimpleExample,44,Cheating_2,era5,0.5499999999999999
ArtSimpleExample,44,Cheating_2,era10,0.5
ArtSimpleExample,44,Cheating_2,era4,0.95
ArtSimpleExample,44,Cheating_2,era3,0.7000000000000001
ArtSimpleExample,44,Cheating_2,era2,0.2
ArtSimpleExample,44,Cheating_2,era1,0.4
ArtSimpleExample,44,Simple_1,era9,1.0
ArtSimpleExample,44,Simple_1,era8,0.7999999999999998
ArtSimpleExample,44,Simple_1,era7,0.45
ArtSimpleExample,44,Simple_1,era6,0.5
ArtSimpleExample,44,Simple_1,era5,0.2
ArtSimpleExample,44,Simple_1,era10,0.35
ArtSimpleExample,44,Simple_1,era4,1.0
ArtSimpleExample,44,Simple_1,era3,0.8499999999999999
ArtSimpleExample,44,Simple_1,era2,0.7999999999999998
ArtSimpleExample,44,Simple_1,era1,0.7500000000000001
ArtSimpleExample,44,Cheating_1,era9,0.7499999999999998
ArtSimpleExample,44,Cheating_1,era8,0.9000000000000002
ArtSimpleExample,44,Cheating_1,era7,0.39999999999999997
ArtSimpleExample,44,Cheating_1,era6,0.7999999999999999
ArtSimpleExample,44,Cheating_1,era5,0.25000000000000006
ArtSimpleExample,44,Cheating_1,era10,0.8500000000000003
ArtSimpleExample,44,Cheating_1,era4,0.8999999999999999
ArtSimpleExample,44,Cheating_1,era3,0.5499999999999999
ArtSimpleExample,44,Cheating_1,era2,0.25
ArtSimpleExample,44,Cheating_1,era1,1.0
ArtSimpleExample,44,ForTrust,era9,0.5499999999999999
ArtSimpleExample,44,ForTrust,era8,0.85
ArtSimpleExample,44,ForTrust,era7,0.15000000000000002
ArtSimpleExample,44,ForTrust,era6,1.0
ArtSimpleExample,44,ForTrust,era5,0.25000000000000006
ArtSimpleExample,44,ForTrust,era10,0.8500000000000002
ArtSimpleExample,44,ForTrust,era4,0.8999999999999999
ArtSimpleExample,44,ForTrust,era3,0.7499999999999998
ArtSimpleExample,44,ForTrust,era2,0.6500000000000001
ArtSimpleExample,44,ForTrust,era1,0.7000000000000001
ArtSimpleExample,44,Lazy_2,era9,0.6499999999999998
ArtSimpleExample,44,Lazy_2,era8,0.3
ArtSimpleExample,44,Lazy_2,era7,0.85
ArtSimpleExample,44,Lazy_2,era6,0.7000000000000002
ArtSimpleExample,44,Lazy_2,era5,0.49999999999999994
ArtSimpleExample,44,Lazy_2,era10,0.4
ArtSimpleExample,44,Lazy_2,era4,0.9500000000000003
ArtSimpleExample,44,Lazy_2,era3,0.7499999999999998
ArtSimpleExample,44,Lazy_2,era2,0.65
ArtSimpleExample,44,Lazy_2,era1,0.8999999999999999
ArtSimpleExample,44,Lazy_1,era9,0.44999999999999996
ArtSimpleExample,44,Lazy_1,era8,1.0
ArtSimpleExample,44,Lazy_1,era7,0.55
ArtSimpleExample,44,Lazy_1,era6,0.95
ArtSimpleExample,44,Lazy_1,era5,0.10000000000000002
ArtSimpleExample,44,Lazy_1,era10,0.5499999999999999
ArtSimpleExample,44,Lazy_1,era4,0.95
ArtSimpleExample,44,Lazy_1,era3,0.49999999999999994
ArtSimpleExample,44,Lazy_1,era2,0.8499999999999999
ArtSimpleExample,44,Lazy_1,era1,0.7500000000000002
ArtSimpleExample,45,Simple_2,era9,0.3
ArtSimpleExample,45,Simple_2,era8,1.0
ArtSimpleExample,45,Simple_2,era7,0.35
ArtSimpleExample,45,Simple_2,era6,0.8500000000000003
ArtSimpleExample,45,Simple_2,era5,0.7499999999999998
ArtSimpleExample,45,Simple_2,era10,0.49999999999999994
ArtSimpleExample,45,Simple_2,era4,0.8999999999999999
ArtSimpleExample,45,Simple_2,era3,0.45
ArtSimpleExample,45,Simple_2,era2,0.8999999999999999
ArtSimpleExample,45,Simple_2,era1,0.65
ArtSimpleExample,45,Cheating_2,era9,0.65
ArtSimpleExample,45,Cheating_2,era8,0.8499999999999999
ArtSimpleExample,45,Cheating_2,era7,0.8999999999999999
ArtSimpleExample,45,Cheating_2,era6,0.8499999999999999
ArtSimpleExample,45,Cheating_2,era5,0.5499999999999999
ArtSimpleExample,45,Cheating_2,era10,0.5
ArtSimpleExample,45,Cheating_2,era4,0.95
ArtSimpleExample,45,Cheating_2,era3,0.7500000000000001
ArtSimpleExample,45,Cheating_2,era2,0.25
ArtSimpleExample,45,Cheating_2,era1,0.4
ArtSimpleExample,45,Simple_1,era9,1.0
ArtSimpleExample,45,Simple_1,era8,0.7999999999999998
ArtSimpleExample,45,Simple_1,era7,0.45
ArtSimpleExample,45,Simple_1,era6,0.5
ArtSimpleExample,45,Simple_1,era5,0.15000000000000002
ArtSimpleExample,45,Simple_1,era10,0.35
ArtSimpleExample,45,Simple_1,era4,1.0
ArtSimpleExample,45,Simple_1,era3,0.8499999999999999
ArtSimpleExample,45,Simple_1,era2,0.8999999999999999
ArtSimpleExample,45,Simple_1,era1,0.7000000000000001
ArtSimpleExample,45,Cheating_1,era9,0.7499999999999998
ArtSimpleExample,45,Cheating_1,era8,0.9000000000000002
ArtSimpleExample,45,Cheating_1,era7,0.39999999999999997
ArtSimpleExample,45,Cheating_1,era6,0.7999999999999999
ArtSimpleExample,45,Cheating_1,era5,0.25000000000000006
ArtSimpleExample,45,Cheating_1,era10,0.8500000000000003
ArtSimpleExample,45,Cheating_1,era4,0.95
ArtSimpleExample,45,Cheating_1,era3,0.5499999999999999
ArtSimpleExample,45,Cheating_1,era2,0.2
ArtSimpleExample,45,Cheating_1,era1,1.0
ArtSimpleExample,45,ForTrust,era9,0.5499999999999999
ArtSimpleExample,45,ForTrust,era8,0.85
ArtSimpleExample,45,ForTrust,era7,0.15000000000000002
ArtSimpleExample,45,ForTrust,era6,1.0
ArtSimpleExample,45,ForTrust,era5,0.25000000000000006
ArtSimpleExample,45,ForTrust,era10,0.8000000000000002
ArtSimpleExample,45,ForTrust,era4,0.95
ArtSimpleExample,45,ForTrust,era3,0.7499999999999998
ArtSimpleExample,45,ForTrust,era2,0.6500000000000001
ArtSimpleExample,45,ForTrust,era1,0.7000000000000001
ArtSimpleExample,45,Lazy_2,era9,0.6499999999999998
ArtSimpleExample,45,Lazy_2,era8,0.3
ArtSimpleExample,45,Lazy_2,era7,0.85
ArtSimpleExample,45,Lazy_2,era6,0.7000000000000002
ArtSimpleExample,45,Lazy_2,era5,0.5499999999999999
ArtSimpleExample,45,Lazy_2,era10,0.4
ArtSimpleExample,45,Lazy_2,era4,0.95
ArtSimpleExample,45,Lazy_2,era3,0.6999999999999997
ArtSimpleExample,45,Lazy_2,era2,0.65
ArtSimpleExample,45,Lazy_2,era1,0.8999999999999999
ArtSimpleExample,45,Lazy_1,era9,0.49999999999999994
ArtSimpleExample,45,Lazy_1,era8,1.0
ArtSimpleExample,45,Lazy_1,era7,0.55
ArtSimpleExample,45,Lazy_1,era6,0.95
ArtSimpleExample,45,Lazy_1,era5,0.10000000000000002
ArtSimpleExample,45,Lazy_1,era10,0.44999999999999996
ArtSimpleExample,45,Lazy_1,era4,0.95
ArtSimpleExample,45,Lazy_1,era3,0.5499999999999999
ArtSimpleExample,45,Lazy_1,era2,0.8499999999999999
ArtSimpleExample,45,Lazy_1,era1,0.7500000000000002
ArtSimpleExample,46,Simple_2,era9,0.3
ArtSimpleExample,46,Simple_2,era8,0.95
ArtSimpleExample,46,Simple_2,era7,0.35
ArtSimpleExample,46,Simple_2,era6,0.9000000000000004
ArtSimpleExample,46,Simple_2,era5,0.7499999999999998
ArtSimpleExample,46,Simple_2,era10,0.49999999999999994
ArtSimpleExample,46,Simple_2,era4,0.8999999999999999
ArtSimpleExample,46,Simple_2,era3,0.45
ArtSimpleExample,46,Simple_2,era2,0.8999999999999999
ArtSimpleExample,46,Simple_2,era1,0.65
ArtSimpleExample,46,Cheating_2,era9,0.65
ArtSimpleExample,46,Cheating_2,era8,0.8499999999999999
ArtSimpleExample,46,Cheating_2,era7,0.8999999999999999
ArtSimpleExample,46,Cheating_2,era6,0.7999999999999998
ArtSimpleExample,46,Cheating_2,era5,0.5499999999999999
ArtSimpleExample,46,Cheating_2,era10,0.5
ArtSimpleExample,46,Cheating_2,era4,1.0
ArtSimpleExample,46,Cheating_2,era3,0.7000000000000001
ArtSimpleExample,46,Cheating_2,era2,0.25
ArtSimpleExample,46,Cheating_2,era1,0.45
ArtSimpleExample,46,Simple_1,era9,1.0
ArtSimpleExample,46,Simple_1,era8,0.7499999999999998
ArtSimpleExample,46,Simple_1,era7,0.45
ArtSimpleExample,46,Simple_1,era6,0.5
ArtSimpleExample,46,Simple_1,era5,0.15000000000000002
ArtSimpleExample,46,Simple_1,era10,0.3
ArtSimpleExample,46,Simple_1,era4,1.0
ArtSimpleExample,46,Simple_1,era3,0.8499999999999999
ArtSimpleExample,46,Simple_1,era2,0.8999999999999999
ArtSimpleExample,46,Simple_1,era1,0.8000000000000002
ArtSimpleExample,46,Cheating_1,era9,0.7499999999999998
ArtSimpleExample,46,Cheating_1,era8,0.9000000000000002
ArtSimpleExample,46,Cheating_1,era7,0.39999999999999997
ArtSimpleExample,46,Cheating_1,era6,0.9
ArtSimpleExample,46,Cheating_1,era5,0.25000000000000006
ArtSimpleExample,46,Cheating_1,era10,0.8500000000000003
ArtSimpleExample,46,Cheating_1,era4,0.95
ArtSimpleExample,46,Cheating_1,era3,0.49999999999999994
ArtSimpleExample,46,Cheating_1,era2,0.15000000000000002
ArtSimpleExample,46,Cheating_1,era1,1.0
ArtSimpleExample,46,ForTrust,era9,0.6
ArtSimpleExample,46,ForTrust,era8,0.85
ArtSimpleExample,46,ForTrust,era7,0.15000000000000002
ArtSimpleExample,46,ForTrust,era6,1.0
ArtSimpleExample,46,ForTrust,era5,0.25000000000000006
ArtSimpleExample,46,ForTrust,era10,0.8000000000000002
ArtSimpleExample,46,ForTrust,era4,0.95
ArtSimpleExample,46,ForTrust,era3,0.6999999999999997
ArtSimpleExample,46,ForTrust,era2,0.6500000000000001
ArtSimpleExample,46,ForTrust,era1,0.7000000000000001
ArtSimpleExample,46,Lazy_2,era9,0.6499999999999998
ArtSimpleExample,46,Lazy_2,era8,0.3
ArtSimpleExample,46,Lazy_2,era7,0.85
ArtSimpleExample,46,Lazy_2,era6,0.7000000000000002
ArtSimpleExample,46,Lazy_2,era5,0.5499999999999999
ArtSimpleExample,46,Lazy_2,era10,0.45
ArtSimpleExample,46,Lazy_2,era4,0.95
ArtSimpleExample,46,Lazy_2,era3,0.6999999999999997
ArtSimpleExample,46,Lazy_2,era2,0.65
ArtSimpleExample,46,Lazy_2,era1,0.8499999999999999
ArtSimpleExample,46,Lazy_1,era9,0.49999999999999994
ArtSimpleExample,46,Lazy_1,era8,1.0
ArtSimpleExample,46,Lazy_1,era7,0.55
ArtSimpleExample,46,Lazy_1,era6,1.0
ArtSimpleExample,46,Lazy_1,era5,0.05000000000000002
ArtSimpleExample,46,Lazy_1,era10,0.49999999999999994
ArtSimpleExample,46,Lazy_1,era4,0.8999999999999999
ArtSimpleExample,46,Lazy_1,era3,0.5499999999999999
ArtSimpleExample,46,Lazy_1,era2,0.8499999999999999
ArtSimpleExample,46,Lazy_1,era1,0.7500000000000002
ArtSimpleExample,47,Simple_2,era9,0.3
ArtSimpleExample,47,Simple_2,era8,0.95
ArtSimpleExample,47,Simple_2,era7,0.35
ArtSimpleExample,47,Simple_2,era6,0.9000000000000004
ArtSimpleExample,47,Simple_2,era5,0.6999999999999997
ArtSimpleExample,47,Simple_2,era10,0.5499999999999999
ArtSimpleExample,47,Simple_2,era4,0.8999999999999999
ArtSimpleExample,47,Simple_2,era3,0.45
ArtSimpleExample,47,Simple_2,era2,0.8999999999999999
ArtSimpleExample,47,Simple_2,era1,0.65
ArtSimpleExample,47,Cheating_2,era9,0.6
ArtSimpleExample,47,Cheating_2,era8,0.8499999999999999
ArtSimpleExample,47,Cheating_2,era7,0.95
ArtSimpleExample,47,Cheating_2,era6,0.7499999999999998
ArtSimpleExample,47,Cheating_2,era5,0.5499999999999999
ArtSimpleExample,47,Cheating_2,era10,0.55
ArtSimpleExample,47,Cheating_2,era4,1.0
ArtSimpleExample,47,Cheating_2,era3,0.7000000000000001
ArtSimpleExample,47,Cheating_2,era2,0.25
ArtSimpleExample,47,Cheating_2,era1,0.45
ArtSimpleExample,47,Simple_1,era9,1.0
ArtSimpleExample,47,Simple_1,era8,0.7499999999999998
ArtSimpleExample,47,Simple_1,era7,0.5
ArtSimpleExample,47,Simple_1,era6,0.5
ArtSimpleExample,47,Simple_1,era5,0.15000000000000002
ArtSimpleExample,47,Simple_1,era10,0.3
ArtSimpleExample,47,Simple_1,era4,1.0
ArtSimpleExample,47,Simple_1,era3,0.8499999999999999
ArtSimpleExample,47,Simple_1,era2,0.8499999999999999
ArtSimpleExample,47,Simple_1,era1,0.8000000000000002
ArtSimpleExample,47,Cheating_1,era9,0.6999999999999997
ArtSimpleExample,47,Cheating_1,era8,0.9500000000000003
ArtSimpleExample,47,Cheating_1,era7,0.39999999999999997
ArtSimpleExample,47,Cheating_1,era6,0.9
ArtSimpleExample,47,Cheating_1,era5,0.25000000000000006
ArtSimpleExample,47,Cheating_1,era10,0.8500000000000003
ArtSimpleExample,47,Cheating_1,era4,0.95
ArtSimpleExample,47,Cheating_1,era3,0.44999999999999996
ArtSimpleExample,47,Cheating_1,era2,0.2
ArtSimpleExample,47,Cheating_1,era1,1.0
ArtSimpleExample,47,ForTrust,era9,0.6
ArtSimpleExample,47,ForTrust,era8,0.9
ArtSimpleExample,47,ForTrust,era7,0.15000000000000002
ArtSimpleExample,47,ForTrust,era6,1.0
ArtSimpleExample,47,ForTrust,era5,0.20000000000000007
ArtSimpleExample,47,ForTrust,era10,0.8000000000000002
ArtSimpleExample,47,ForTrust,era4,0.95
ArtSimpleExample,47,ForTrust,era3,0.6999999999999997
ArtSimpleExample,47,ForTrust,era2,0.6500000000000001
ArtSimpleExample,47,ForTrust,era1,0.7000000000000001
ArtSimpleExample,47,Lazy_2,era9,0.6999999999999998
ArtSimpleExample,47,Lazy_2,era8,0.3
ArtSimpleExample,47,Lazy_2,era7,0.7499999999999999
ArtSimpleExample,47,Lazy_2,era6,0.7000000000000002
ArtSimpleExample,47,Lazy_2,era5,0.6
ArtSimpleExample,47,Lazy_2,era10,0.45
ArtSimpleExample,47,Lazy_2,era4,0.95
ArtSimpleExample,47,Lazy_2,era3,0.6999999999999997
ArtSimpleExample,47,Lazy_2,era2,0.65
ArtSimpleExample,47,Lazy_2,era1,0.8499999999999999
ArtSimpleExample,47,Lazy_1,era9,0.49999999999999994
ArtSimpleExample,47,Lazy_1,era8,1.0
ArtSimpleExample,47,Lazy_1,era7,0.5
ArtSimpleExample,47,Lazy_1,era6,1.0
ArtSimpleExample,47,Lazy_1,era5,0.05000000000000002
ArtSimpleExample,47,Lazy_1,era10,0.49999999999999994
ArtSimpleExample,47,Lazy_1,era4,0.95
ArtSimpleExample,47,Lazy_1,era3,0.49999999999999994
ArtSimpleExample,47,Lazy_1,era2,0.8499999999999999
ArtSimpleExample,47,Lazy_1,era1,0.8000000000000003
ArtSimpleExample,48,Simple_2,era9,0.3
ArtSimpleExample,48,Simple_2,era8,1.0
ArtSimpleExample,48,Simple_2,era7,0.35
ArtSimpleExample,48,Simple_2,era6,0.9000000000000004
ArtSimpleExample,48,Simple_2,era5,0.6999999999999997
ArtSimpleExample,48,Simple_2,era10,0.5499999999999999
ArtSimpleExample,48,Simple_2,era4,0.8999999999999999
ArtSimpleExample,48,Simple_2,era3,0.5
ArtSimpleExample,48,Simple_2,era2,0.8499999999999999
ArtSimpleExample,48,Simple_2,era1,0.6
ArtSimpleExample,48,Cheating_2,era9,0.6
ArtSimpleExample,48,Cheating_2,era8,0.8499999999999999
ArtSimpleExample,48,Cheating_2,era7,0.95
ArtSimpleExample,48,Cheating_2,era6,0.6999999999999997
ArtSimpleExample,48,Cheating_2,era5,0.5499999999999999
ArtSimpleExample,48,Cheating_2,era10,0.6000000000000001
ArtSimpleExample,48,Cheating_2,era4,1.0
ArtSimpleExample,48,Cheating_2,era3,0.7000000000000001
ArtSimpleExample,48,Cheating_2,era2,0.25
ArtSimpleExample,48,Cheating_2,era1,0.45
ArtSimpleExample,48,Simple_1,era9,1.0
ArtSimpleExample,48,Simple_1,era8,0.7499999999999998
ArtSimpleExample,48,Simple_1,era7,0.55
ArtSimpleExample,48,Simple_1,era6,0.5
ArtSimpleExample,48,Simple_1,era5,0.15000000000000002
ArtSimpleExample,48,Simple_1,era10,0.35
ArtSimpleExample,48,Simple_1,era4,0.95
ArtSimpleExample,48,Simple_1,era3,0.8499999999999999
ArtSimpleExample,48,Simple_1,era2,0.7999999999999998
ArtSimpleExample,48,Simple_1,era1,0.8000000000000002
ArtSimpleExample,48,Cheating_1,era9,0.7499999999999998
ArtSimpleExample,48,Cheating_1,era8,0.9500000000000003
ArtSimpleExample,48,Cheating_1,era7,0.39999999999999997
ArtSimpleExample,48,Cheating_1,era6,0.7999999999999999
ArtSimpleExample,48,Cheating_1,era5,0.25000000000000006
ArtSimpleExample,48,Cheating_1,era10,0.8500000000000003
ArtSimpleExample,48,Cheating_1,era4,0.95
ArtSimpleExample,48,Cheating_1,era3,0.44999999999999996
ArtSimpleExample,48,Cheating_1,era2,0.25
ArtSimpleExample,48,Cheating_1,era1,1.0
ArtSimpleExample,48,ForTrust,era9,0.6
ArtSimpleExample,48,ForTrust,era8,0.9
ArtSimpleExample,48,ForTrust,era7,0.15000000000000002
ArtSimpleExample,48,ForTrust,era6,0.95
ArtSimpleExample,48,ForTrust,era5,0.25000000000000006
ArtSimpleExample,48,ForTrust,era10,0.8000000000000002
ArtSimpleExample,48,ForTrust,era4,0.95
ArtSimpleExample,48,ForTrust,era3,0.6999999999999997
ArtSimpleExample,48,ForTrust,era2,0.6500000000000001
ArtSimpleExample,48,ForTrust,era1,0.7000000000000001
ArtSimpleExample,48,Lazy_2,era9,0.6999999999999998
ArtSimpleExample,48,Lazy_2,era8,0.3
ArtSimpleExample,48,Lazy_2,era7,0.6999999999999998
ArtSimpleExample,48,Lazy_2,era6,0.7000000000000002
ArtSimpleExample,48,Lazy_2,era5,0.6
ArtSimpleExample,48,Lazy_2,era10,0.55
ArtSimpleExample,48,Lazy_2,era4,0.8999999999999999
ArtSimpleExample,48,Lazy_2,era3,0.6999999999999997
ArtSimpleExample,48,Lazy_2,era2,0.65
ArtSimpleExample,48,Lazy_2,era1,0.8499999999999999
ArtSimpleExample,48,Lazy_1,era9,0.5499999999999999
ArtSimpleExample,48,Lazy_1,era8,1.0
ArtSimpleExample,48,Lazy_1,era7,0.55
ArtSimpleExample,48,Lazy_1,era6,1.0
ArtSimpleExample,48,Lazy_1,era5,0.05000000000000002
ArtSimpleExample,48,Lazy_1,era10,0.49999999999999994
ArtSimpleExample,48,Lazy_1,era4,0.8499999999999999
ArtSimpleExample,48,Lazy_1,era3,0.49999999999999994
ArtSimpleExample,48,Lazy_1,era2,0.8499999999999999
ArtSimpleExample,48,Lazy_1,era1,0.8000000000000003
ArtSimpleExample,49,Simple_2,era9,0.3
ArtSimpleExample,49,Simple_2,era8,1.0
ArtSimpleExample,49,Simple_2,era7,0.35
ArtSimpleExample,49,Simple_2,era6,0.9000000000000004
ArtSimpleExample,49,Simple_2,era5,0.7499999999999998
ArtSimpleExample,49,Simple_2,era10,0.44999999999999996
ArtSimpleExample,49,Simple_2,era4,0.8999999999999999
ArtSimpleExample,49,Simple_2,era3,0.5
ArtSimpleExample,49,Simple_2,era2,0.8999999999999999
ArtSimpleExample,49,Simple_2,era1,0.6
ArtSimpleExample,49,Cheating_2,era9,0.6
ArtSimpleExample,49,Cheating_2,era8,0.8499999999999999
ArtSimpleExample,49,Cheating_2,era7,0.95
ArtSimpleExample,49,Cheating_2,era6,0.6499999999999997
ArtSimpleExample,49,Cheating_2,era5,0.5499999999999999
ArtSimpleExample,49,Cheating_2,era10,0.6500000000000001
ArtSimpleExample,49,Cheating_2,era4,1.0
ArtSimpleExample,49,Cheating_2,era3,0.7000000000000001
ArtSimpleExample,49,Cheating_2,era2,0.25
ArtSimpleExample,49,Cheating_2,era1,0.45
ArtSimpleExample,49,Simple_1,era9,1.0
ArtSimpleExample,49,Simple_1,era8,0.7999999999999998
ArtSimpleExample,49,Simple_1,era7,0.55
ArtSimpleExample,49,Simple_1,era6,0.5
ArtSimpleExample,49,Simple_1,era5,0.15000000000000002
ArtSimpleExample,49,Simple_1,era10,0.3
ArtSimpleExample,49,Simple_1,era4,1.0
ArtSimpleExample,49,Simple_1,era3,0.8499999999999999
ArtSimpleExample,49,Simple_1,era2,0.7499999999999998
ArtSimpleExample,49,Simple_1,era1,0.8000000000000002
ArtSimpleExample,49,Cheating_1,era9,0.7499999999999998
ArtSimpleExample,49,Cheating_1,era8,0.9500000000000003
ArtSimpleExample,49,Cheating_1,era7,0.39999999999999997
ArtSimpleExample,49,Cheating_1,era6,0.85
ArtSimpleExample,49,Cheating_1,era5,0.25000000000000006
ArtSimpleExample,49,Cheating_1,era10,0.8500000000000003
ArtSimpleExample,49,Cheating_1,era4,0.8999999999999999
ArtSimpleExample,49,Cheating_1,era3,0.44999999999999996
ArtSimpleExample,49,Cheating_1,era2,0.25
ArtSimpleExample,49,Cheating_1,era1,1.0
ArtSimpleExample,49,ForTrust,era9,0.6
ArtSimpleExample,49,ForTrust,era8,0.9
ArtSimpleExample,49,ForTrust,era7,0.15000000000000002
ArtSimpleExample,49,ForTrust,era6,0.95
ArtSimpleExample,49,ForTrust,era5,0.25000000000000006
ArtSimpleExample,49,ForTrust,era10,0.8000000000000002
ArtSimpleExample,49,ForTrust,era4,0.95
ArtSimpleExample,49,ForTrust,era3,0.6499999999999997
ArtSimpleExample,49,ForTrust,era2,0.6500000000000001
ArtSimpleExample,49,ForTrust,era1,0.7500000000000001
ArtSimpleExample,49,Lazy_2,era9,0.6999999999999998
ArtSimpleExample,49,Lazy_2,era8,0.25
ArtSimpleExample,49,Lazy_2,era7,0.7499999999999999
ArtSimpleExample,49,Lazy_2,era6,0.7000000000000002
ArtSimpleExample,49,Lazy_2,era5,0.6
ArtSimpleExample,49,Lazy_2,era10,0.55
ArtSimpleExample,49,Lazy_2,era4,0.8999999999999999
ArtSimpleExample,49,Lazy_2,era3,0.6999999999999997
ArtSimpleExample,49,Lazy_2,era2,0.65
ArtSimpleExample,49,Lazy_2,era1,0.8499999999999999
ArtSimpleExample,49,Lazy_1,era9,0.5499999999999999
ArtSimpleExample,49,Lazy_1,era8,1.0
ArtSimpleExample,49,Lazy_1,era7,0.6500000000000001
ArtSimpleExample,49,Lazy_1,era6,0.95
ArtSimpleExample,49,Lazy_1,era5,0.05000000000000002
ArtSimpleExample,49,Lazy_1,era10,0.49999999999999994
ArtSimpleExample,49,Lazy_1,era4,0.7999999999999998
ArtSimpleExample,49,Lazy_1,era3,0.49999999999999994
ArtSimpleExample,49,Lazy_1,era2,0.8499999999999999
ArtSimpleExample,49,Lazy_1,era1,0.8000000000000003
